rwecom,aufwärts,rückenwind,geschäftsbericht,2020,our,energy,for,a,sustainable,life,neues,beginnen,heißt,altem,verabschieden,vergangenen,jahr,beiden,letzten,deutschen,stein,kohlekraftwerke,geschlossen,beendet,womit,1900,angefangen,ebenfalls,2020,letztes,steinkohle,kraftwerk,großbritannien,stillgelegt,steigen,deutschen,braunkohle,œ,sozialverträglich,umsichtig,hinblick,sicherheit,stromversorgung,warum,all,international,führen,stromversorger,besondere,verantwortung,umsetzung,pariser,klimaabkommens,tragen,leitsatz,—our,energy,for,a,sustainable,lifeﬁ,bringen,ausdruck,verantwor,tung,motiviert,unternehmerisches,handeln,prägt,gemeinsamen,anstrengung,beteiligen,erderwärmung,vergleich,vorindustriellen,zeitalter,deutlich,zwei,grad,celsius,begrenzen,ernst,aufgabe,nehmen,zeigt,daran,bereits,erreicht,seit,2012,jährlichen,co,2ausstoß,62,prozent,gesenkt,untersuchung,unabhängigen,science,based,target,initiative,steht,emissionsminderungsstrategie,einklang,pariser,klimaschutzziel,wissenschaft,lichen,beleg,dafür,richtigen,führt,nachhaltige,klimaneutrale,energiewirtschaft,begleiten,dabei,seit,mehr,120,jahren,produkt,strom,ändert,art,weise,strom,herstellen,allererste,megawattstunde,1900,erzeugt,œ,steinkohle,später,braunkohle,kernenergie,wichtigsten,energieträger,heute,erdgas,wind,sonne,wasser,morgen,ganz,co,2freie,energiequellen,setzen,ziel,klimaneutrale,stromerzeugung,spätestens,2040,weit,deshalb,investieren,jahr,milliarden,ausbau,erneuerbaren,energien,grüner,strom,lebenselixier,klimaneutralen,wirtschaft,außerhalb,energiesektors,immer,mehr,davon,benötigt,industrie,verkehr,gebäuden,œ,überall,müssen,fossile,brennsto˜e,öl,erdgas,co,2freie,energiequellen,ersetzt,direkt,grünen,strom,umgestellt,etwa,stahlproduktion,wassersto˜,geeignete,alternative,œ,wassersto˜,strom,erneuerbaren,energien,gewonnen,sehen,chance,gemeinsam,namhaften,partnern,industrie,wissenschaft,brechen,richtung,wassersto˜wirtschaft,30,projekte,bereits,gestartet,langfristziel,neben,grünem,strom,grünen,wassersto˜,anzubieten,œ,zweites,produkt,riesigem,nachfragepotenzial,blick,1,ausschließlich,zahlungswirksame,investitionen,vorjahreswerte,entsprechend,angepasst,worden,2,dividendenvorschlag,geschäftsjahr,2020,vorbehaltlich,beschlussfassung,hauptversammlung,28,april,2021,3,geänderte,de˚nition,angepasster,vorjahreswert,siehe,erläuterung,seite,624,umgerechnet,vollzeitstellen,eckdaten,rwekonzerns,20202019œ,stromerzeugung,gwh,146775153165œ˛6390außenumsatz,erdgas˛˛stromsteuer,mio˛•,1368813125563bereinigtes,ebitda,mio˛•,32352489746bereinigtes,ebit,mio˛•,17711267504ergebnis,fortgeführter,aktivitäten,steuern,mio˛•,1196œ˛7521948nettoergebnis,mio˛•,9958498œ˛7503bereinigtes,nettoergebnis,mio˛•,1213œœcash,flow,laufender,geschäftstätigkeit,fortgeführter,aktivitäten,mio˛•,4125œ˛9775102investitionen,1mio˛•,335817711587in,sachanlagen,immaterielle,vermögenswerte,mio˛•,22851767518in,finanzanlagen,mio˛•,107341069free,cash,flow,mio˛•,1132œ˛20533185zahl,umlauf,be˚ndlichen,aktien,jahresdurchschnitt,tsd,stück,63728661474522541ergebnis,je,aktie,•1561382œ˛1226bereinigtes,nettoergebnis,je,aktie,•190œœdividende,je,aktie,•08520800053112202031122019nettoschulden,fortgeführter,aktivitäten,3mio˛•,44326927œ˛2495mitarbeiter,41949819792œ˛2941an,investoren,2lagebericht,3versicherung,gesetzlichen,vertreter,4konzernabschluss,5weitere,informationen,3,inhalt,1,investoren,511,interview,vorstandsvorsitzenden,612,vorstand,rwe,ag,913,bericht,aufsichtsrats,1114,rwe,kapitalmarkt,182,zusammengefasster,lagebericht,2121,strategie,struktur,2222,innovation,2923,rahmenbedingungen,geschäfts,3424,wesentliche,ereignisse,4225,geschäftsentwicklung,4726,finanz,vermögenslage,5927,erläuterungen,jahresabschluss,rwe,ag,holding,6428,prognosebericht,6629,entwicklung,risiken,chancen,69210,übernahmerechtliche,angaben,79211,vergütungsbericht,823,versicherung,gesetzlichen,vertreter,974,konzernabschluss,9941,gewinn,verlustrechnung,10042,gesamtergebnisrechnung,10143,bilanz,10244,kapitalflussrechnung,10445,veränderung,eigenkapitals,10646,anhang,10747,aufstellung,anteilsbesitzes,teil,anhangs,19248,organe,teil,anhangs,22649,bestätigungsvermerk,unabhängigen,abschlussprüfers,233410,informationen,abschlussprüfer,2415,weitere,informationen,24251,fünfjahresübersicht,24352,impressum,24453,finanzkalender,245über,nachhaltigkeitsaktivitäten,informieren,ausführlich,nachhaltigkeitsbericht,nichtfinanziellen,bericht,publikationen,wwwrwecomverantwortungundnachhaltigkeit,abrufen,berichte,geschäftsjahr,2020,april,2021,veröffentlicht,1an,investoren,2lagebericht,3versicherung,gesetzlichen,vertreter,4konzernabschluss,5weitere,informationen,4,11,interview,vorstandsvorsitzenden,612,vorstand,rwe,ag,913,bericht,aufsichtsrats,1114,rwe,kapitalmarkt,18an,investoren,01ostseewindpark,kårehamn,schweden,l,fotograf,tristan,stedman,dr,rolf,martin,schmitz,ziele,erreichtes,abgelaufenen,geschäftsjahr,neue,konkurrenz,beim,ausbau,windkraft,flexibleres,arbeiten,seit,coronakrise,angenehmen,seiten,künftigen,ruhestands,herr,schmitz,2020,vielerlei,hinsicht,außergewöhnliches,jahr,rwesicht,satz,zusammenfassen,müssten,lauten,—trotz,corona,mehr,erreicht,geplantﬁ,bringt,ganz,gut,punkt,konkreten,vorhaben,jahr,gegangen,wollten,tauschgeschäft,eon,abschluss,bringen,neuen,kolleginnen,kollegen,organisation,integrieren,ausbauplan,erneuerbaren,energien,umsetzen,all,gut,geklappt,außerdem,wollten,vertraglichen,rahmen,deutschen,kohleausstieg,dach,fach,bringen,dabei,sicherstellen,interessen,unterneh,men,beschäftigten,gewahrt,bleiben,ziel,erreicht,gab,dinge,jahresbeginn,aufgabenzettel,standen,beispiel,erwerb,europäischen,entwicklungsgeschäfts,windturbinen,herstellers,nordex,kapitalerhöhung,august,beides,transaktionen,ermöglichen,wachstumstempo,erneuerba,ren,energien,deutlich,steigern,außerdem,hätte,jahresbeginn,gerech,net,schnell,deutschen,steinkohleverstromung,aussteigen,fehlen,aufzählung,2020,ergebnisprognose,übertroffen,wurde,erreicht,weltweiten,ausnahmesituation,aufgrund,pandemie,geschäft,glücklicherweise,geringe,auswirkungen,zeitung,geschrieben,wenige,manager,gebe,unternehmen,gründlich,transformiert,unterschreiben,sollen,beurteilen,klar,umfassenden,transformationsprozess,gestartet,logische,weiterentwicklung,unternehmens,hauptprodukt,œ,strom,œ,geändert,nutzung,erneuerbarer,energien,neuen,eingeschlagen,herzustellen,—mit,kompetenz,behauptenﬁ,interview,vorstandsvorsitzenden,2lagebericht,3versicherung,gesetzlichen,vertreter,4konzernabschluss,5weitere,informationen,61an,investoren,interview,vorstandsvorsitzenden,kapitalmarkt,sieht,entwicklung,rwe,jedenfalls,positiv,seit,jahren,überdurchschnittliche,aktienperformance,zeigt,erneuerbaren,energien,zuletzt,fast,hype,entstanden,ähnlich,wasserstoff,liegt,gefahr,positive,entwicklung,aktienkurses,zeigt,erster,linie,kapitalmarkt,strategie,richtig,hält,nachrichten,hören,fast,täglich,regierungen,ambitionierte,klimaschutzziele,beschließen,erneuerbaren,energien,ausbauen,klar,sektoren,verkehr,wärme,zumindest,teilweise,elektrifiziert,müssen,wasserstoff,ideale,ressource,bereiche,wirtschaft,co,2frei,umstellung,strom,möglich,hype,erkennen,logische,klimaneutralität,fürchten,immer,mehr,wettbewerber,markt,kommen,stück,kuchen,abhaben,große,mineralölkonzerne,ja,bereits,aggressive,wachstumsziele,erneuerbaren,energien,verkündet,politik,ernst,meint,klimaschutz,œ,daran,zweifele,œ,gibt,langfristig,riesigen,markt,erneuerbare,energien,genug,platz,etablierte,neue,anbieter,nehmen,mal,beispiel,großbritannien,land,offshorewindkraftkapazitäten,2030,40,gigawatt,vervierfachen,deutsch,land,plant,gleichen,zeitraum,verdreifachung,20,gigawatt,polen,steigt,eiltempo,offshorewindkraft,gefahr,mag,darin,bestehen,newcomer,zunächst,aggressiven,geboten,windkraftauktionen,gehen,kauf,nehmen,projekte,rentabel,irrationales,verhalten,lässt,lange,durchhalten,aktionäre,unternehmen,gewiss,tatenlos,zusehen,management,wiederholt,geld,verbrennt,konkurrenz,größer,ja,anfang,2021,auktion,nutzungs,rechte,meeresböden,großbritannien,gezeigt,neben,rwe,kamen,bp,total,zuge,rwe,finanzstarke,konkurrenz,dauer,behaupten,gerade,auktion,beispiel,dafür,möglich,optionsrechte,entwicklung,3000,megawatt,erzeugungsleistung,gesichert,ausgeschrieben,knapp,8000,bezahlen,erfolgreichen,bietern,niedrigste,prämie,pro,megawatt,jahr,heißt,intelligent,geboten,müssen,zeigen,standorte,schnell,gut,entwickeln,lage,hochmoderne,anlage,kostengünstig,bauen,betreiben,kurzum,müssen,operative,technologische,kompetenz,beweis,stellen,behaupten,erwähnen,technologische,kompetenz,wettbewerbsvorteil,sehen,rwe,technologiekonzern,35,jahren,deutschen,energiewirtschaft,angefangen,versorger,rwe,technologiekonzerne,damals,bot,kraftwerksbau,potenzial,technische,neuerungen,danach,kam,phase,schwerpunkt,neubau,kommerzielle,optimierung,bestehender,anlage,verschob,massiv,erzeugungskapazitäten,investiert,steigt,bedarf,technischen,lösungen,beispiel,dafür,zahlreichen,vorhaben,entwicklung,schwimmender,plattformen,offshorewindparks,boot,gleich,mehreren,projekten,wissen,schwimmfundamente,nutzungspotenzial,offshore,windkraft,vervielfachen,neuerungen,früh,dabei,müssen,kommen,integration,erneuerbareenergiengeschäfts,rwekonzern,4000,ehemaligen,beschäftigten,eon,innogy,rwe,arbeiten,—neuen,weltﬁ,angekommen,eindruck,meisten,inzwischen,gut,integriert,wohlfüh,len,klar,integrationsprozess,länger,braucht,jahr,erfahrung,mindestens,doppelt,lange,dabei,geht,darum,neu,hinzugekommenen,fühlen,diejenigen,schon,ganz,wichtig,kolleginnen,kollegen,braunkohle,kernenergie,vermeintlich,—alten,weltﬁ,respekt,begegnet,bislang,hinsicht,positive,mitbekommen,2lagebericht,3versicherung,gesetzlichen,vertreter,4konzernabschluss,5weitere,informationen,71an,investoren,interview,vorstandsvorsitzenden,coronakrise,hinderlich,integration,viele,schwer,getan,homeoffice,menschen,kennenzulernen,persönliche,begegnung,tat,wichtig,gerade,kennt,insofern,corona,zusammenwachsen,team,schon,erschwert,komisch,klingt,restriktionen,gutes,statt,zeit,dienstreisen,verbringen,online,getroffen,räumliche,distanz,spielte,rolle,mehr,oft,austausch,dadurch,sogar,intensiver,geworden,gerade,interna,tionalen,zusammenarbeit,pandemie,art,arbeiten,verändert,gesehen,geht,flexibilität,sollten,zeit,corona,bewahren,neben,corona,deutsche,kohleausstieg,prägenden,themen,vergange,nen,jahres,ausstieg,gibt,gesetzlichen,rahmen,vertrag,bund,braunkohleunternehmen,abgesichert,wurde,deuteten,eingangs,ergebnis,zufrieden,halte,gefundene,lösung,akzeptabel,entscheidung,spätestens,2038,kohle,auszusteigen,politik,getroffen,worden,daran,rütteln,ganz,gegenteil,wissen,woran,planen,wichtig,kohleausstieg,unverhältnismäßigen,härten,betroffenen,führt,gilt,unternehmen,gilt,beschäftigten,zusagen,bundes,tarifvertrag,august,2020,wurde,sichergestellt,härten,geben,bergfreie,fällt,wissen,eigentlich,schließung,beiden,letzten,deutschen,steinkohle,kraftwerke,rwe,allererste,stammgeschäft,unternehmens,beendet,klar,weiß,kenne,ja,geschichte,rwe,aspekte,zweit,rangig,entscheidungen,zukunft,treffen,gerade,schließung,hochmodernen,block,westfalen,e,kam,viele,überraschend,vorfeld,genau,analysiert,sicher,richtig,gehandelt,dabei,geht,darum,emissionen,senken,teilnahme,staatlichen,stillle,gungsauktion,konnten,kleine,unerhebliche,entschädigung,sichern,wiederum,wachstum,fließen,2020,rwe,starkes,geschäftsjahr,2021,gut,operative,ergebnis,anbetrifft,wohl,leider,gab,februar,texas,massive,versorgungsengpässe,infolge,jahrhundertkälte,anlagenstillstände,regulatorische,eingriffe,führten,strom,absurden,preisen,zukaufen,mussten,stark,belastet,trotzdem,dürfte,2021,zufriedenstellendes,jahr,rwe,wichtig,wachstumskurs,erneuerbaren,energien,entschlossen,fortsetzen,dabei,renditeziele,erreichen,gelingt,2021,viele,gute,geschäftsjahre,rwe,geben,herr,schmitz,außen,verfolgen,ende,april,legen,mandat,nieder,œ,zwölf,jahren,rwevorstand,hätte,gereizt,rwe,mitzugehen,sagten,außen,63,jahren,darf,mal,schluss,außerdem,gehen,schönsten,ernst,dankbar,dafür,steuer,zeit,übergeben,rwe,stürmen,vergangenheit,gut,geht,davon,überzeugt,unternehmen,markus,krebber,team,besten,händen,natürlich,freue,darauf,mehr,zeit,familie,immer,erreichbar,müssen,morgen,aufzuwachen,gleich,email,schauen,luxus,luxus,gönne,gespräch,führten,burkhard,pahnke,jérôme,hördemann,2lagebericht,3versicherung,gesetzlichen,vertreter,4konzernabschluss,5weitere,informationen,81an,investoren,interview,vorstandsvorsitzenden,dr,rolf,martin,schmitz,vorstandsvorsitzender,rolf,martin,schmitz,1957,mönchengladbach,geboren,promovierter,maschinenbau,ingenieur,ersten,beruflichen,stationen,ab,1986,steag,ag,ab,1988,veba,ag,ehe,1998,vorstand,rhenag,rheinische,energie,ag,berufen,wurde,folgten,vorstandstätigkeiten,thüga,ag,thüga,beteiligungen,ag,außerdem,vorsitzender,geschäftsführung,eonkraftwerke,gmbh,vorstands,rheinenergie,ag,mai,2009,trat,rolf,martin,schmitz,vorstand,rwe,ag,wurde,oktober,2016,vorsitzender,mai,2017,oktober,2020,arbeitsdirektor,ende,april,2021,rolf,martin,schmitz,vorstand,ausscheiden,dr,markus,krebber,finanzvorstand,vorstandsvorsitzender,ab,1,mai,2021,markus,krebber,1973,kleve,geboren,gelernter,bankkaufmann,promovierter,wirtschaftswissenschaftler,karriere,begann,2000,mckinsey˛˛company,danach,leitenden,positionen,commerzbank,ag,tätig,november,2012,wechselte,markus,krebber,geschäftsführung,rwe,supply˛˛trading,gmbh,finanzen,zuständig,führte,ab,märz,2015,vorsitz,seit,oktober,2016,markus,krebber,finanzvorstand,rwe,ag,mai,2021,nachfolge,rolf,martin,schmitz,vorstandsvorsitzender,antreten,12,vorstand,rwe,ag,1an,investoren,vorstand,rwe,ag,2lagebericht,3versicherung,gesetzlichen,vertreter,4konzernabschluss,5weitere,informationen,9,dr,michael,müller,vorstandsmitglied,seit,1,november,2020,finanzvorstand,ab,1,mai,2021,michael,müller,1971,köln,geboren,wirtschaftswissenschaftler,promovierter,maschinenbauingenieur,fünfjährigen,tätigkeit,mckinsey˛˛company,wechselte,mitte,2005,rwekonzern,zunächst,leitende,positionen,rwe,power,ag,rwe,generation,se,rwe,ag,september,2016,wurde,finanzen,zuständige,geschäftsführer,rwe,supply˛˛trading,gmbh,seit,november,2020,gehört,michael,müller,vorstand,rwe,ag,mai,2021,markus,krebber,finanzvorstand,nachfolgen,dahin,bleibt,personal,union,geschäftsführer,rwe,supply˛˛,trading,gmbh,zvezdana,seeger,vorstandsmitglied,seit,1,november,2020,personalvorständin,arbeitsdirektorin,zvezdana,seeger,1964,jajce,bosnienherzegowina,geboren,diplomvolkswirtin,berufliche,laufbahn,startete,maschinenbau,1995,2008,deutsche,telekom,ag,tätig,zuletzt,geschäftsführerin,tsystems,enterprise,service,gmbh,2010,wechselte,geschäftsführung,dhl,global,forwarding,freight,ab,2015,verantwortete,vorstand,postbank,ag,ressort,it˛˛opera,tions,verschmelzung,postbank,db,privat,firmenkundenbank,ag,vorstandsmitglied,letztgenannten,gesellschaft,außerdem,coo,geschäftssegments,private,and,corporate,business,deutsche,bank,ag,seit,november,2020,verantwortet,vorstand,rwe,ag,ressorts,personal,it,außerdem,arbeitsdirektorin,1an,investoren,vorstand,rwe,ag,2lagebericht,3versicherung,gesetzlichen,vertreter,4konzernabschluss,5weitere,informationen,10,13,bericht,aufsichtsrats,wer,hätte,anfang,2020,gedacht,welch,einzigartige,herausforderung,jahr,bereithalten,coronapandemie,moderne,zivilisation,kalt,erwischt,œ,drastisch,augen,geführt,verwundbar,trotz,fortschritts,immer,hoffe,liebe,leserinnen,leser,berichts,gesund,geblieben,negativen,auswirkungen,lockdownmaßnahmen,grenzen,halten,letzteres,vielen,unternehmen,leider,behaupten,ganze,branchen,existenzielle,krise,gerutscht,expertenschätzungen,deutschland,2020,größten,wachstumseinbruch,seit,finanzkrise,2008˛˛2009,erlebt,—mitten,coronakrise,rwe,weichen,schnelleren,ausbau,erneuerbaren,energien,gestellt,œ,jahressoll,sogar,übererfüllt,ﬁ,welch,kontrast,bietet,entwicklung,rwe,segelschiff,schwerer,see,kurs,hält,unternehmen,eontransaktion,begonnenen,transformationsprozess,fast,tempoverlust,fortgesetzt,mitte,2020,rechtlich,abgeschlossene,tauschgeschäft,riege,führenden,erneuerbareenergienunternehmen,aufgerückt,stellt,rwe,stromerzeugungs,portfolio,zügig,regenerative,quellen,2040,klimaneutral,kurs,findet,allgemein,großen,zuspruch,œ,kapitalmarkt,starke,aktienperformance,zeigt,ungeachtet,coronapandemie,konnten,rweaktionäre,2020,jahresrendite,30˛,freuen,gehörte,aktie,vierten,mal,folge,spitzengruppe,dax,weitere,gute,nachricht,vergangenen,jahr,unternehmen,beim,ausbau,erneuerbaren,energien,trotz,coronapandemie,zügig,vorangekommen,2020,rwe,windparks,solaranlagen,mehr,800,mw,gesamtleistung,fertiggestellt,einzelfällen,gab,verzögerungen,aufgrund,pandemie,wobei,maximal,wenige,monate,handelte,hervorheben,möchte,kapitalerhöhung,august,erwerb,europäischen,entwicklungsgeschäfts,nordex,œ,zwei,transaktionen,anfang,2020,absehbar,unternehmen,zusätzlichen,wachstumsschub,geben,bedeutet,mitten,coronakrise,rwe,weichen,schnelleren,ausbau,erneuerbaren,energien,gestellt,œ,jahressoll,sogar,übererfüllt,zweite,große,herausforderung,ausstieg,kohle,rwe,entschlossen,angegangen,schon,ersten,stilllegungsauktion,bundesnetzagentur,kamen,beide,deutschen,steinkohleblöcke,unternehmens,zuge,anlage,wurden,ende,2020,abgeschaltet,vergessen,stromerzeugung,steinkohle,rwe,gründung,120,jahren,führenden,energieversorger,aufstieg,geschäft,deutschland,geschichte,parallel,setzt,rwe,gesetzlichen,braunkohleausstieg,ende,dezember,ging,bereits,erste,block,netz,obwohl,genehmigung,entschädigungsregelungen,eu,aussteht,1an,investoren,bericht,aufsichtsrats,2lagebericht,3versicherung,gesetzlichen,vertreter,4konzernabschluss,5weitere,informationen,11,finde,starke,zeichen,rwe,macht,tempo,beim,klimaschutz,œ,tut,weit,mehr,gesetzlich,vorgegeben,unternehmen,sagen,innerhalb,acht,jahren,co,2emissionen,62˛,gesenkt,dafür,große,teile,geschäfts,verkaufen,kenne,steile,emissionsminde,rungspfad,belegt,rwe,handelt,einklang,pariser,klimaschutzzielen,jüngst,transition,pathway,initiative,science,based,target,initiative,bestätigt,beide,organisationen,setzen,langfristig,emissionsarme,wirtschaft,rückschau,jahr,2020,dürfen,zwei,punkte,fehlen,tätigkeit,aufsichtsrats,direkt,betreffen,punkt,1,personelle,neubesetzung,vorstands,vorsitzende,gremiums,dr,rolf,martin,schmitz,ende,april,2021,mandat,niederlegen,nachfolge,frühzeitig,geregelt,dabei,œ,œ,gute,lösung,gefunden,dr,markus,krebber,bislang,finanzvorstand,zukünftig,spitze,unternehmens,stehen,versprechen,bisherige,strategie,fortführt,rwe,erfolgskurs,hält,unterstützen,dr,michael,müller,zvezdana,seeger,1,november,2020,neu,vorstand,bestellt,mehr,später,punkt,2,aufsichtsratskollegen,echtes,novum,darstellte,erstmals,geschichte,rwe,ag,rein,digitale,hauptversammlung,abgehalten,coronakrise,ließ,wahl,obwohl,rechtliches,organisatorisches,neuland,betreten,verlief,veranstaltung,reibungslos,verantwortlichen,rwe,professionalität,improvisa,tionsvermögen,beweis,gestellt,versammlungsleiter,möchte,dafür,ganz,herzlich,bedanken,ebenso,danke,anteilseignern,gerne,essener,grugahalle,besucht,hätten,verständnis,dafür,präsenzveranstaltung,möglich,hoffentlich,erneut,verständnisvoll,reagieren,2021,rein,virtuelle,hauptversammlung,abhalten,lassen,formale,aspekte,aufsichtsratstätigkeit,jahr,2020,eingehen,gewohnt,sämtliche,aufgaben,wahrgenommen,gesetz,satzung,obliegen,vorstand,leitung,unternehmens,beraten,handeln,großer,sorgfalt,überwacht,zugleich,grund,legenden,entscheidungen,eingebunden,vorstand,informierte,mündlich,schriftlich,wesentlichen,aspekte,geschäftsentwicklung,ertragslage,risiken,deren,management,tat,regelmäßig,umfassend,zeitnah,entscheidungen,trafen,grundlage,umfassender,berichte,beschluss,vorlagen,vorstands,denen,plenum,ausschüssen,eingehend,auseinandersetzen,konnten,vorstand,projekte,vorgänge,besonderer,bedeutung,dringlichkeit,außerordentlichen,sitzungen,außerhalb,unserer,sitzungen,umfassend,informiert,gesetz,satzung,erforderlichen,beschlüsse,gefasst,mitunter,umlaufverfahren,sitzender,aufsichtsrats,ständigem,kontakt,vorstand,wichtige,neuigkeiten,ließen,somit,zeitverzug,erörtern,unternehmen,beim,erwerb,aufgaben,erforderlichen,fachkenntnisse,unterstützt,interne,informationsveranstaltungen,besonders,relevante,themen,anbot,insofern,erwähnenswert,aufsichtsratsmitglieder,gemäß,deutschem,corporate,governance,kodex,dcgk,gebotenen,fortbildungsmaßnahmen,prinzipiell,eigenverant,wortlich,wahrnehmen,sollen,themenschwerpunkte,aufsichtsratssitzungen,vergangenen,jahr,hielt,aufsichtsrat,fünf,ordentliche,zwei,außerordentliche,sitzungen,ab,wegen,corona,bedingten,kontaktbeschränkungen,seit,april,online,getroffen,qualität,unserer,aufsichtsratsarbeit,jedoch,darunter,gelitten,zusam,menkünften,informierte,vorstand,ausführlichkeit,geschehnisse,rwe,bedeutung,bestimmten,tagesordnungspunkten,tauschten,vorstand,eingebunden,aufsichtsratssitzungen,gab,stets,separate,treffen,anteilseigner,arbeitnehmervertreter,denen,gelegenheit,bestand,themen,kleineren,kreis,vorzubesprechen,gegebenenfalls,gemeinsame,standpunkte,erarbeiten,sitzungen,befassten,wiederholt,besonders,eingehend,transfor,mation,rwe,führenden,erneuerbareenergienunternehmen,weitere,themenschwerpunkte,auswirkungen,coronakrise,neubesetzungen,vorstand,deutsche,kohleausstieg,sitzungen,einzelnen,1an,investoren,bericht,aufsichtsrats,2lagebericht,3versicherung,gesetzlichen,vertreter,4konzernabschluss,5weitere,informationen,12,ł,erstes,treffen,vergangenen,jahr,fand,17,januar,statt,kamen,außer,planmäßig,zusammen,politisch,avisierten,abschaltfahrplan,deutschen,braunkohlekraftwerke,angebotenen,kompensationen,beraten,gespräche,bund,ländern,unternehmen,detail,braunkohle,ausstiegs,standen,zeitpunkt,kurz,abschluss,bestärkten,vorstand,darin,abzeichnenden,kompromiss,akzeptieren,kurz,darauf,29,januar,verabschiedete,bundesregierung,entwurf,kohleausstiegsgesetzes,ł,unserer,ordentlichen,sitzung,6,märz,erörterten,billigten,jahresab,schluss,2019,rwe,ag,konzernabschluss,gesonderten,nichtfinanziellen,konzernbericht,daneben,verabschiedeten,tagesordnung,ursprünglich,28,april,geplanten,hauptversammlung,vorstand,unterrichtete,stand,gesetzgebungsprozesses,deutschen,kohleausstieg,erwerb,britischen,gaskraftwerks,king™s,lynn,kurz,zuvor,dach,fach,gebracht,worden,ausführlich,berieten,strategische,ausrichtung,rwe,ziel,2040,klimaneutral,geplante,dahin,fanden,volle,zustimmung,wirksame,anreize,umsetzung,strategie,bietet,neue,system,vorstandsvergütung,ausgestaltung,weiteres,sitzungsthema,außerdem,verabschiedeten,neue,anforderungsprofil,mitglieder,gremiums,profil,2019,weiterentwickelt,dabei,erkenntnisse,eingeflossen,zuge,überprüfung,effizienz,unserer,tätigkeit,gewonnen,gegenüber,früheren,profil,wurden,kompetenzen,ergänzt,denen,zunehmende,bedeutung,beimessen,z,b,knowhow,gebieten,erneuerbare,energien,digitalisierung,anforderungsprofil,berücksichtigen,kandidaten,aufsichtsrat,ausgewählt,daher,kommt,gerade,2021,große,bedeutung,gremium,april,neu,besetzt,ł,ordentliche,sitzung,28,april,stand,zeichen,coronakrise,ersten,lockdown,genau,tag,hätte,ursprünglicher,planung,haupt,versammlung,2020,stattfinden,sollen,wegen,pandemie,ende,juni,verlegt,gremium,beschloss,aktionärstreffen,schutz,mitarbeiter,anteilseigner,rwe,rein,virtuell,durchzuführen,weiterer,sitzungsgegenstand,planung,nachfolge,vorstandsvorsitzenden,rolf,martin,schmitz,ł,april,erörterten,themen,standen,zentrum,ordentlichen,sitzung,25,juni,galt,virtuelle,hauptversammlung,vorzubereiten,folgetag,angesetzt,nachfolgeplanung,vorstand,nahm,breiten,raum,außerdem,ließen,umgang,rwe,corona,krise,informieren,verabschiedeten,neue,system,vorstandsvergütung,einladung,hauptversammlung,2021,näher,beschrieben,einladung,wwwrwecomhv,abrufen,weiterer,themenschwerpunkt,öffentlich,rechtliche,vertrag,rwe,bund,unternehmen,vertrauensschutz,hinblick,gesetzlichen,regelungen,braunkohleausstieg,gewähren,ł,bereits,monat,später,31,juli,befassten,sondersitzung,plan,rwe,europäische,entwicklungsgeschäft,windturbinenherstellers,nordex,kaufen,œ,vorstand,œ,meinung,übernahme,projektpipeline,schwerpunkt,frankreich,attraktive,wachstums,potenziale,rwe,ergeben,stimmten,erwerb,sitzung,erörterten,außerdem,frage,nordextransaktion,verbundene,beschleunigte,ausbau,erneuerbaren,energien,finanziert,sollten,diskussion,stand,u˛a,option,genehmigte,kapital,nutzen,junge,rweaktien,ausschluss,bezugsrechts,markt,platzieren,übertrugen,präsidium,recht,maßnahme,entscheiden,unternehmensleitung,möglich,günstigen,lage,kapitalmarkt,schnell,handeln,erneut,gesamten,aufsichtsrat,einbinden,müssen,dank,flexibilität,konnte,rwe,eigenkapital,august,2020,innerhalb,kürzester,zeit,2,mrd˛•,erhöhen,ł,unserer,ordentlichen,sitzung,18,september,widmeten,erneut,folge,planung,vorstand,wegen,baldigen,ausscheidens,rolf,martin,schmitz,bestellung,markus,krebber,künftigen,vorstandsvorsitzenden,galt,positionen,finanzvorstands,personalvorstands,arbeits,direktors,neu,besetzen,hintergrund,berief,gremium,zvezdana,seeger,michael,müller,vorstand,sitzung,befassten,außerdem,kohleausstiegsgesetz,bundestag,bundesrat,3,juli,verabschiedet,daneben,ließen,vorstand,bedeutung,wasserstofftechnologie,rwe,verschiedene,aspekte,erneuerbareenergiengeschäfts,informieren,1an,investoren,bericht,aufsichtsrats,2lagebericht,3versicherung,gesetzlichen,vertreter,4konzernabschluss,5weitere,informationen,13,ł,ordentlichen,sitzung,11,dezember,prüften,verabschiedeten,nehmens,planung,geschäftsjahr,2021,überdies,kamen,berichts,pflichten,corporate,governance,gemeinsam,vorstand,verabschiede,ten,aktualisierte,entsprechenserklärung,§˛161,aktg,genehmigten,aufsichtsrat,betreffenden,teile,erklärung,unternehmensführung,gemäß,§˛289a,hgb,wwwrwecomentsprechenserklaerungundberichte,bzw,wwwrwecomerklaerungzurunternehmensfuehrung,genannten,dokumente,abgerufen,weiterer,sitzungsschwerpunkt,künftige,wasserstoffstrate,gie,rwe,vorstand,ausführlich,unterrichtete,außerdem,befassten,verkauf,49˛anteils,britischen,offshorewindpark,humber,unserer,zustimmung,wurde,transaktion,15,dezember,abgeschlossen,grünes,licht,gaben,teilverkauf,vier,texanischen,onshorewindparks,sitzung,widmeten,außerdem,frage,geschäften,nahestehenden,personen,verfahren,gesetz,umsetzung,zweiten,aktionärsrechte,richtlinie,arug,ii,bedürfen,geschäfte,bestimmten,voraussetzungen,zustimmung,aufsichtsrats,ausschüsse,beauftragten,prüfungsausschuss,gesetzlich,vorgeschriebene,prüfung,bewertung,transaktionen,vorzunehmen,ausschüsse,aufsichtsrats,aufsichtsrat,vergangenen,jahr,sechs,ständige,ausschüsse,deren,mitglieder,seite,230,aufgeführt,ausschüsse,aufgabe,sitzungen,plenum,anstehenden,themen,beschlüsse,vorzubereiten,einzelfällen,nehmen,entscheidungsbefugnisse,wahr,sofern,aufsichtsrat,übertragen,ordentlichen,sitzung,aufsichtsrat,arbeit,ausschüsse,deren,vorsitzenden,informiert,berichtsjahr,fanden,insgesamt,18,ausschusssitzungen,statt,näher,eingehen,möchte,ł,präsidium,hielt,vier,sitzungen,ab,davon,drei,august,vorbereitung,genehmigung,kapitalerhöhung,vierten,sitzung,dezember,widmete,gremium,turnusgemäß,unternehmensplanung,geschäftsjahr,2021,vorschau,beiden,folgejahre,ł,prüfungsausschuss,trat,viermal,zusammen,dabei,wurden,sämtliche,vorab,festge,legten,schwerpunktthemen,behandelt,großer,sorgfalt,widmete,ausschuss,jahresabschlüssen,rwe,ag,konzerns,zusammengefassten,lagebericht,halbjahresbericht,quartalsmitteilungen,nichtfinanziellen,konzernbericht,erörterte,abschlüsse,veröffentlichung,vorstand,ließ,abschlussprüfer,ergebnisse,prüfung,bzw,prüferischen,durchsicht,unterrichten,darüber,hinaus,gab,empfehlung,wahl,abschluss,prüfers,geschäftsjahr,2020,bereitete,erteilung,prüfungsauftrags,abschlussprüfer,einschließlich,honorarvereinbarung,legte,prüfungs,schwerpunkte,fest,ausschuss,kontrollierte,unabhängigkeit,abschlussprüfers,qualität,prüfungsleistung,turnusgemäß,ließ,wirksamkeit,rechnungslegungsbezogenen,internen,kontrollsystems,iks,berichten,dabei,wurden,tatsachen,bekannt,wirksamkeit,iks,zweifeln,lassen,weitere,themen,schwerpunkte,planung,ergebnisse,revisionsmaßnahmen,risikosituation,rwekonzerns,gesetz,kontrolle,transparenz,unternehmensbereich,kontrag,risikomanagement,rwe,supply˛˛trading,datensicherheit,compliancesachverhalte,sowie,rechtliche,steuerliche,fragen,wirtschaftsprüfer,nahm,sitzungen,prüfungsausschusses,teil,stand,außerhalb,sitzungsrahmens,dialog,ausschussvorsitzenden,beratungen,wurden,regelmäßig,experten,unternehmen,hinzugezogen,ł,personalausschuss,tagte,fünfmal,zentrum,beratungen,standen,nachfolgeplanung,vorstand,rwe,ag,neue,system,vorstands,vergütung,ł,nominierungsausschuss,hielt,drei,sitzungen,ab,thematischer,schwerpunkt,2021,anstehenden,neuwahlen,aufsichtsrat,zusammenhang,wurden,verfahrensfragen,erörtert,geplante,einführung,gestaffelter,amts,zeiten,anteilseignervertreter,betrafen,gegenstand,beratungen,vergütung,mitarbeit,ausschüssen,aufsichtsrats,auffassung,tätigkeiten,künftig,stärker,honoriert,sollten,1an,investoren,bericht,aufsichtsrats,2lagebericht,3versicherung,gesetzlichen,vertreter,4konzernabschluss,5weitere,informationen,14,präsenz,aufsichtsratsmitglieder,sitzungen,geschäftsjahr,2020,aufsichtsrat,präsidium,prüfungs,ausschusspersonal,ausschussnominierungs,ausschussstrategie,nachhaltigkeits,ausschussdr,werner,brandt,vorsitzender,7744441553322frank,bsirske,stellvertretender,vorsitzender,77445522michael,bochinsky,7734sandra,bossemeyer,7744martin,bröker,77anja,dubbert7744matthias,dürbaum,7744ute,gerbaulet,67prof,dr,hanspeter,keitel,77443322dr,h˛c,monika,kircher,6744harald,louis,7755dagmar,mühlenfeld,7744peter,ottmann,775533günther,schartz,7722dr,erhard,schipporeit,7744dr,wolfgang,schüssel,774455ullrich,sierau,7744ralf,sikorski,774422marion,weckes,7744leonhard,zubrowski,6755121,dr,werner,brandt,gast,sitzungen,prüfungsausschusses,teilgenommen,ł,strategie,nachhaltigkeitsausschuss,bisher,strategieausschuss,trat,zweimal,zusammen,ersten,sitzung,februar,befasste,neuen,konzernstrategie,kurze,zeit,später,œ,mitte,märz,œ,öffentlichkeit,vorgestellt,wurde,zweiten,treffen,widmete,plänen,rwe,gebiet,wasserstoffwirtschaft,ł,vermittlungsausschuss,gemäß,§˛27,ab,3,gesetzes,mitbestimmung,arbeitnehmer,mitbestg,2020,einberufen,1an,investoren,bericht,aufsichtsrats,2lagebericht,3versicherung,gesetzlichen,vertreter,4konzernabschluss,5weitere,informationen,15,sitzungspräsenz,tabelle,vorherigen,seite,zeigt,präsenz,sitzungen,aufsichtsrats,ausschüsse,vermittlungsausschuss,2020,getagt,übersicht,aufgeführt,zahlenpaare,folgendermaßen,interpretieren,steht,beispielsweise,—3˛˛4ﬁ,betreffende,person,drei,vier,sitzungen,teilgenommen,übersicht,sehen,fehlen,sitzung,ausnahme,interessenkonflikte,mitglieder,aufsichtsrats,per,gesetz,dcgk,angehalten,unverzüglich,offenzulegen,interessenkonflikte,auftreten,geschäftsjahr,2020,konflikte,gemeldet,worden,jahresabschluss,2020,pricewaterhousecoopers,gmbh,wirtschaftsprüfungsgesell,schaft,kurz,pwc,vorstand,regeln,hgb,aufgestellten,jahres,abschluss,2020,rwe,ag,gemäß,§˛315a,hgb,ifrs,aufgestellten,konzern,abschluss,sowie,zusammengefassten,lagebericht,rwe,ag,konzern,einbeziehung,buchführung,geprüft,uneingeschränkten,bestäti,gungsvermerk,versehen,pwc,ferner,nichtfinanziellen,bericht,prüfung,erlangung,begrenzter,sicherheit,—limited,assuranceﬁ,unterzogen,vorstand,bescheinigt,geeignetes,risikofrüherkennungssystem,eingerichtet,gesellschaft,hauptversammlung,2020,abschlussprüfer,gewählt,worden,danach,aufsichtsrat,beauftragt,genannten,abschlüsse,berichte,prüfen,mitglieder,aufsichtsrats,jahresabschlussunterlagen,geschäfts,bericht,prüfungsberichte,jahr,2020,rechtzeitig,erhalten,bilanz,sitzung,aufsichtsrats,10,märz,2021,vorstand,lagen,erläutert,wirtschaftsprüfer,berichteten,sitzung,wesentlichen,ergebnisse,prüfung,standen,ergänzende,auskünfte,verfügung,prüfungsausschuss,bereits,sitzung,9,märz,2021,beisein,wirtschaftsprüfer,eingehend,jahresabschlüssen,rwe,ag,konzerns,sowie,prüfungs,berichten,befasst,aufsichtsrat,empfohlen,abschlüsse,billigen,gewinnverwendungs,vorschlag,vorstands,zuzustimmen,aufsichtsrat,jahresabschluss,rwe,ag,konzernabschluss,zusammen,gefassten,lagebericht,vorschlag,vorstands,verwendung,bilanzgewinns,sowie,gesonderten,nichtfinanziellen,konzernbericht,geprüft,einwendungen,erhoben,prüfungsausschuss,empfohlen,stimmte,ergebnis,prüfung,jahresabschlusses,rwe,ag,konzernabschlusses,billigte,beide,abschlüsse,jahresabschluss,2020,festgestellt,aufsichtsrat,schließt,gewinnverwendungsvorschlag,vorstands,ausschüttung,dividende,085˛•,je,aktie,vorsieht,personalia,abgelaufenen,geschäftsjahr,weder,besetzung,aufsichtsrats,ausschüsse,verändert,wichtige,personalia,gab,hingegen,rwevor,stand,bereits,erläutert,markus,krebber,position,rolf,martin,schmitz,spitze,unternehmens,einnehmen,wurde,27,juli,per,umlaufverfahren,beschlossen,nachdem,aufsichtsrat,sitzung,28,april,weichen,dafür,gestellt,einvernehmen,herrn,krebber,ursprüng,lich,30,september,2024,auslaufende,bestellung,30,juni,2021,verkürzt,anschließend,zeitraum,1,juli,2021,30,juni,2026,erneut,ordent,lichen,mitglied,vorstands,bestellt,rolf,martin,schmitz,mandat,bereits,ende,april,2021,œ,zwei,monate,früher,geplant,œ,niederlegen,übernimmt,markus,krebber,vorstandsvorsitz,1,mai,2021,neben,nachfolgeregelung,herrn,schmitz,zwei,weitere,personalentscheidungen,getroffen,unserer,sitzung,18,september,beriefen,michael,müller,zvezdana,seeger,1,november,2020,dauer,zunächst,drei,jahren,vorstand,michael,müller,nachfolge,markus,krebber,finanzvorstand,antreten,zvezdana,seeger,wurden,personal,itressort,anvertraut,seit,1,november,arbeitsdirektorin,dargestellten,neubesetzungen,intensiven,beratungen,fachkundigen,unterstützung,personalausschusses,vorgenommen,personellen,voraussetzungen,dafür,gegeben,neue,rwe,erfolgreichen,kurs,fortsetzt,besonders,herzen,liegen,dürfte,rolf,martin,schmitz,vorstandsvorsitzendem,rwe,kurs,eingeschlagen,2021,1an,investoren,bericht,aufsichtsrats,2lagebericht,3versicherung,gesetzlichen,vertreter,4konzernabschluss,5weitere,informationen,16,amt,ausscheidet,guten,gefühl,tun,unternehmen,geben,schweren,zeiten,neu,erfunden,ertragsstarken,protago,nisten,energiewende,geworden,leistungen,rwe,verdienen,allerhöchste,anerkennung,namen,gesamten,aufsichtsrats,möchte,konstruktive,respektvolle,überaus,erfolgreiche,zusammenarbeit,bedanken,starke,jahresbilanz,œ,dank,menschen,rwe,großartige,entwicklung,rwe,natürlich,verdienst,einzelnen,mitarbeiterinnen,mitarbeiter,arbeitskraft,herzblut,unternehmen,stecken,dafür,gesorgt,neue,rwe,transformationsprozess,trotz,coronapandemie,ungedrosseltem,tempo,fortsetzen,konnte,besonnene,umgang,krise,fähigkeit,betriebliche,abläufe,ausnahmesituation,anzupassen,œ,virtuelle,hauptversammlung,erwähnte,bereits,œ,große,disziplin,infektionsschutz,konzepte,arbeitsalltag,gelebt,gezeigt,menschen,rwe,verlassen,stellvertretend,gesamten,aufsichtsrat,danke,ganz,herzlich,dafür,aufsichtsrat,dr,werner,brandt,vorsitzender,essen,10,märz,2021,1an,investoren,bericht,aufsichtsrats,2lagebericht,3versicherung,gesetzlichen,vertreter,4konzernabschluss,5weitere,informationen,17,rweaktie,stoxx,europe,600,utility,dax,quelle,bloomberg,3112201931032020300620203009202031122020403020100œ˛10œ˛20œ˛30œ˛4014,rwe,kapitalmarkt,2020,bewegtes,börsenjahr,kurssturz,frühjahr,wegen,coronakrise,versöhnlich,endete,dax,schloss,leichten,plus,4˜,nachdem,zwischenzeitlich,mehr,drittel,wertes,eingebüßt,wichtiger,impulsgeber,expansive,geld,fiskalpolitik,euroraum,gelang,wirtschaftlichen,folgen,pandemie,begrenzen,rweaktionäre,fiel,jahresbilanz,ausgesprochen,erfreulich,rendite,kursentwicklung,dividende,höhe,30˜,gehörten,titel,vierten,mal,folge,besten,werten,dax,hauptgrund,dafür,transformation,führenden,erneuerbareenergienunternehmen,dadurch,nachhaltiger,finanzstärker,geworden,krisenresistenter,trotz,coronakrise,dax,leichtem,jahresgewinn,turbulentes,jahr,corona,pandemie,anlegern,aktienmärkten,beschert,nachdem,dax,mitte,februar,rekordmarke,13789,punkten,erreicht,büßte,innerhalb,weniger,wochen,mehr,drittel,wertes,ausschlaggebend,dafür,ausbruch,coronapandemie,erste,lockdown,teile,wirtschaft,vorübergehend,erliegen,brachte,durchschreiten,talsohle,mitte,märz,legte,deutsche,leitindex,deutlich,lockerungen,coronarestriktionen,ankündigung,staatlicher,konjunkturprogramme,rasche,erholung,chinesischen,wirtschaft,sorgten,dabei,wichtige,impulse,weiteren,jahresverlauf,trug,aussicht,impfstoff,aufhellung,börsenstimmung,obwohl,zahl,neuinfektionen,deutsch,land,sommerpause,deutlich,erhöhte,spätherbst,erneuter,lockdown,verhängt,wurde,setzte,dax,erholungskurs,fort,konnte,rekordstand,februar,kurz,jahreswechsel,sogar,knapp,übertreffen,schloss,börsenjahr,13719,punkten,erreichte,2020,plus,4˛,rweaktie,30˜,rendite,kursentwicklung,dividende,rweaktie,kam,coronakrise,kurzzeitig,tritt,setzte,danach,2017,begonnenen,aufwärtstrend,fort,ende,2020,ging,3457˛•,handel,inklusive,dividen,denzahlung,080˛•,entspricht,jahresrendite,30˛,aktie,dax,vierten,mal,folge,weit,gelassen,branchenindex,stoxx,europe,600,utility,˛11˛,konnte,schritt,halten,anhaltend,gute,performance,rweaktie,beruht,hauptsächlich,darauf,tausch,geschäft,eon,führenden,erneuerbareenergienunternehmen,geworden,erreichte,position,zügig,ausbauen,analysten,investoren,begrüßen,transformationsprozess,erneuerbareenergiengeschäft,zeichnet,vergleichsweise,stabile,erträge,breite,politische,akzeptanz,rwe,dadurch,finanziell,robuster,geworden,gerade,coronakrise,deutliches,plus,erwiesen,positiven,einfluss,kurs,rweaktie,politik,klaren,gesetzlichen,rahmen,deutschen,kohleausstieg,geschaffen,risiken,betroffenen,unternehmen,deutlich,verringert,siehe,seite,37˛f,performance,rweaktie,sowie,indizes,dax,stoxx,europe,600,utility,in˛,wochendurchschnittswerte,1an,investoren,rwe,kapitalmarkt,2lagebericht,3versicherung,gesetzlichen,vertreter,4konzernabschluss,5weitere,informationen,18,rwe,erhöht,eigenkapital,2,mrd˜•,august,2020,615,mio,neue,rwe,aktien,institutionelle,investoren,ausgegeben,grundkapital,gesellschaft,10˛,erhöht,ausgabekurs,3255˛•,je,aktie,erzielten,brutto,emissionserlös,2,mrd˛•,zusätzliche,projekte,ausbau,erneuerbaren,energien,einsetzen,kapitalerhöhung,zahl,rweaktien,6762,mio,gestiegen,neuen,titel,verbriefen,gleichen,rechte,alten,nähere,informationen,kapitalerhöhung,finden,seite,42dividendenvorschlag,abgelaufene,geschäftsjahr,085˜•,je,aktie,obwohl,zahl,rweaktien,kapitalerhöhung,gestiegen,hält,vorstand,dividendenziel,geschäftsjahr,2020,fest,gemeinsam,aufsichtsrat,hauptversammlung,28,april,2021,gewinnausschüttung,085˛•,je,aktie,vorschlagen,005˛•,mehr,vorjahr,dividendenvorschlag,spiegelt,erfolgreichen,geschäftsverlauf,vergangenen,jahr,günstigen,zukunftsperspektiven,rwe,wider,1,dividendenvorschlag,geschäftsjahr,2020,rwe,ag,vorbehaltlich,beschlussfassung,hauptversammlung,28,april,2021,2,ermittelt,basis,jahresende,umlauf,be˚ndlichen,aktien,31,dezember,2020,676220,tsd,stück,3,quotient,dividende,je,aktie,aktienkurs,ende,geschäftsjahres,kennzahlen,rweaktie,20202019201820172016ergebnis,je,aktie,•1561382054309œ˛929bereinigtes,nettoergebnis,je,aktie,•190œœ200126cash,flow,laufender,geschäftstätigkeit,fortgeführter,aktivitäten,je,aktie,•647œ˛159750œ˛613383dividende,je,aktie,•0851080070150œausschüttung,2mio˛•,57514924309225börsenkurse,aktie,kurs,ende,geschäftsjahres,•34572735189717001182höchster,tagesschlusskurs,•35022869224823141595niedrigster,tagesschlusskurs,•21001897151011801017dividendenrendite,aktie,325293788œzahl,umlauf,be˚ndlichen,aktien,jahresdurchschnitt,tsd,stück,637286614745614745614745614745börsenkapitalisierung,jahresende,2mrd˛•,234168117103711an,investoren,rwe,kapitalmarkt,2lagebericht,3versicherung,gesetzlichen,vertreter,4konzernabschluss,5weitere,informationen,19,12˛,privataktionäre,aktionärsstruktur,rwe,ag,1˝1˛,belegschaftsaktionäre,˝7˛,blackrock,inc,87˛,institutionelle,aktionäre,24˛,deutschland,24˛,usakanada,19˛,großbritannien,12˛,kontinental,europa,deutschland˝8˛,sonstige,länder,80˛,sonstige,institutionelle,aktionäre,breite,internationale,aktionärsbasis,unserer,jüngsten,erhebung,ende,2020,schätzungsweise,87˛,insgesamt,6762,mio,rweaktien,eigentum,institu,tioneller,investoren,13˛,privatpersonen,inkl,belegschaftsaktionäre,entfielen,institutionelle,anleger,deutschland,hielten,24˛,rweanteile,ländern,kontinentaleuropas,kam,anlegergruppe,12˛,großbritannien,19˛,aktienkapitals,usa,kanada,summierte,anteil,24˛,größter,einzel,aktionär,rwe,ag,jahresende,7˛,gezeichneten,kapital,amerikanische,vermögensverwalter,blackrock,anteil,unserer,aktien,streu,besitz,free,float,deutsche,börse,gewich,tung,indizes,zugrunde,legt,betrug,zuletzt,100˛,üblicherweise,beteiligun,gen,mindestens,5˛,aktiengattung,entfallenden,grundkapitals,free,float,einbezogen,vermögensverwalter,blackrock,gilt,jedoch,höhere,schwelle,25˛,etwa,1˛,rweaktien,befinden,händen,unserer,heutigen,ehemaligen,beschäftigten,deutsche,britische,konzerngesellschaften,bieten,belegschaft,möglichkeit,vergünstigten,konditionen,rwe,beteiligen,vergangenen,jahr,7641,personen,œ,44˛,berechtigten,œ,angeboten,gebrauch,gemacht,insgesamt,333,tsd,aktien,erworben,vergünstigungen,abwicklung,belegschaftsaktienprogramme,aufwendungen,höhe,3108,tsd˛•,entstanden,rwe,zahlreichen,börsen,vertreten,rweaktien,frankfurt,main,weiteren,deutschen,börsenplätzen,sowie,elektronische,handelsplattformen,xetra,gehandelt,börsen,europäischen,ausland,erhältlich,usa,rwe,sogenanntes,level1adrprogramm,vertreten,gehandelt,aktien,american,depositary,receipt,adrs,dabei,handelt,zertifikate,u,amerikanischen,depotbanken,ausgegeben,bestimmte,anzahl,hinterlegter,aktien,ausländischen,unternehmens,repräsentieren,falle,rwe,steht,adr,aktie,kürzel,kennnummern,rweaktie,reuters,xetra,rwegde,reuters,börse,frankfurt,rwegf,bloomberg,xetra,rwe,gy,bloomberg,börse,frankfurt,rwe,grwertpapierkennnummer,wkn,deutschland,703712international,security,identi˚cation,number,isin,de0007037129american,depositary,receipt,cusip,number,74975e3031,stand,ende,2020,prozentangaben,beziehen,anteil,gezeichneten,kapital,quellen,eigene,erhebungen,mitteilungen,deutschen,wertpapierhandelsgesetz,1an,investoren,rwe,kapitalmarkt,2lagebericht,3versicherung,gesetzlichen,vertreter,4konzernabschluss,5weitere,informationen,20,solarpark,limondale,australien,21,strategie,struktur,2222,innovation,2923,rahmenbedingungen,geschäfts,3424,wesentliche,ereignisse,4225,geschäftsentwicklung,4726,finanz,vermögenslage,5927,erläuterungen,jahresabschluss,rwe,ag,holding,6428,prognosebericht,6629,entwicklung,risiken˛und,chancen,69210,übernahmerechtliche,angaben,79211,vergütungsbericht,82lagebericht,02,21,strategie,struktur,tauschgeschäft,eon,international,führendes,unternehmen,gebiet,erneuerbaren,energien,geworden,rolle,allrounders,stromerzeugung,vorderster,reihe,schaffung,nachhaltigen,energiesystems,mitwirkt,flexiblen,kraftwerken,sicherheit,energieversorgung,beiträgt,spätestens,2040,stromproduktion,rwe,klimaneutral,dafür,milliarden,windkraft,photovoltaik,speichertechnologien,investieren,herstellung,grünem,wasserstoff,einsteigen,kohleverstromung,schrittweise,beenden,tragen,teil,erreichung,pariser,klimaschutzziele,œ,unabhängige,science,based,target,initiative,ende,2020,offiziell,bestätigt,transformation,spezialisten,nachhaltige,stromerzeugung,energiehandel,unternehmen,vergangenen,jahren,grundlegend,verändert,früher,rwe,integrierter,versorger,stufen,energie,wirtschaftlichen,wertschöpfungskette,abdeckte,heute,stromerzeugung,energiehandel,spezialisiertes,unternehmen,wandel,energiewirtschaft,mehr,nachhaltigkeit,vorantreibt,ziel,co,2neutrale,stromversorgung,sicher,bezahlbar,neuen,rwe,begann,2016,geschäftsfelder,erneuerbare,energien,netze,vertrieb,tochtergesellschaft,namen,innogy,zusammenführten,börse,brachten,eineinhalb,jahre,später,anfang,2018,vereinbarten,eon,umfassendes,tauschgeschäft,zwei,schritten,umgesetzt,wurde,zunächst,trennten,september,2019,768˛anteil,innogy,erhielten,dafür,erneuerbareenergiengeschäft,eon,1667˛beteiligung,eon,minderheitsanteile,eontochter,preussenelektra,kernkraftwerken,gundremmingen,25˛,emsland,125˛,zweiten,schritt,wurden,mitte,2020,innogyaktivitäten,rechtlich,rwe,zurückübertragen,dabei,handelte,erneuerbareenergiengeschäft,deutschen,tschechischen,gasspeicher,sowie,379˛anteil,österreichischen,energieversorger,kelag,augenmerk,gilt,integration,übernommenen,geschäfts,mehr,4000,beschäftigten,dach,rwe,neue,segmentstruktur,ab,2020,unserer,finanzberichterstattung,2020,stellen,rwekonzern,neuen,struktur,dar,—fortgeführten,innogyaktivitätenﬁ,—übernommenen,eonaktivitätenﬁ,weisen,mehr,gesondert,integrale,bestandteile,rwekonzerns,geworden,hauptgeschäft,stromerzeugung,gliedern,maßgabe,verwendeten,energieträgers,energie,handel,weiterhin,separat,gezeigt,dadurch,ergeben,folgenden,fünf,segmente,1,offshore,wind,2,onshore,wind˛˛solar,3,wasser˛˛biomasse˛˛gas,4,energiehandel,5,kohle˛˛kernenergie,segmente,1,4,bilden,kerngeschäft,wachsen,5,deutsche,stromerzeugung,braunkohle,steinkohle,kernenergie,zusammengefasst,aufgrund,staatlich,vorgegebener,ausstiegspfade,bedeutung,verlieren,zweck,vergleichbarkeit,werte,vorjahr,rückwirkend,neue,segmentstruktur,überführt,einzelnen,segmente,setzen,folgt,zusammen,ł,offshore,wind,zeigen,geschäft,windstromerzeugung,meer,geführt,konzerngesellschaft,rwe,renewables,ł,onshore,wind˛˛solar,segment,bündeln,aktivitäten,gebiet,windkraft,land,solarenergie,batteriespeicher,operative,zustän,digkeit,liegt,rwe,renewables,ł,wasser˛˛biomasse˛˛gas,segment,umfasst,laufwasser,pumpspeicher,biomasse,gaskraftwerke,außerdem,enthält,niederländischen,steinkohle,kraftwerke,amer,9,eemshaven,denen,zunehmend,biomasse,mitverbrennen,sowie,projektmanagement,ingenieurdienstleistungen,spezialisierte,1an,investoren,2lagebericht,strategie,struktur,3versicherung,gesetzlichen,vertreter,4konzernabschluss,5weitere,informationen,22,rwe,technology,international,all,aktivitäten,rwe,generation,gesteuert,seit,anfang,2021,verantwortet,gesellschaft,ausgestaltung,umsetzung,wasser,stoffstrategie,rwe,vormals,innogy,gehaltene,379˛beteiligung,österreichischen,energieversorger,kelag,weisen,ebenfalls,segment,wasser˛˛biomasse˛˛gas,ł,energiehandel,stellen,eigenhandel,energienahen,commodity,dar,verantwortet,rwe,supply˛˛trading,außerdem,zwischenhändler,gas,agiert,großkunden,energie,beliefert,reihe,weiterer,handelsnaher,tätigkeiten,ausübt,bestandteile,segment,energiehandel,deutschen,tschechischen,gasspeicher,innogy,übernommen,ł,kohle˛˛kernenergie,segment,berichten,deutsches,stromerzeu,gungsgeschäft,energieträgern,braunkohle,steinkohle,kernkraft,sowie,braunkohleförderung,rheinischen,revier,westlich,köln,außerdem,erfassen,anteile,niederländischen,kernkraftwerksbetreiber,epz,30˛,deutschen,gesellschaft,uranit,50˛,33˛,urananreicherung,spezialisierten,urenco,beteiligt,genannten,aktivitäten,beteiligungen,liegen,zuständigkeit,unserer,konzerngesellschaften,rwe,power,braunkohle,kernenergie,rwe,generation,steinkohle,konzerngesellschaften,segmentübergreifenden,aufgaben,holding,rwe,ag,erfassen,kerngeschäft,—sonstige,konsolidierungﬁ,gleiches,gilt,anteile,deutschen,übertragungsnetzbetreiber,amprion,251˛,eon,15˛,wobei,eondividende,finanzergebnis,ausweisen,position,enthält,außerdem,konsolidierungseffekte,ziel,2040,rwe,klimaneutral,international,führender,stromversorger,tragen,besondere,verantwortung,umsetzung,emissionsminderungsziele,energiesektor,europäische,union,2050,klimaneutral,ziel,bereits,2040,gesetzt,œ,dahin,bereits,gut,vorangekom,men,2012,2020,jährlichen,co,2ausstoß,stromerzeugung,62˛,gesenkt,2030,sollen,mindestens,75˛,zentrale,rolle,spielt,dabei,ausstieg,kohleverstromung,weitere,bausteine,unserer,emissionsminderungsstrategie,zügige,ausbau,co,2freien,erneuerbaren,energien,verstärkte,nutzung,speichertechnologien,einsatz,klimaneutralen,brennstoffen,strom,erzeugung,handeln,einklang,pariser,klimaschutzzielen,jüngst,transition,pathway,initiative,sciencebased,target,initiative,bestätigt,ernst,ökologische,verantwortung,nehmen,zeigt,markenauftritt,leitsatz,—our,energy,for,a,sustainable,lifeﬁ,bringen,ausdruck,neue,rwe,rund,20000,beschäftigten,entschlossen,nachhaltige,energie,versorgung,hinarbeitet,neue,rwe,weltweit,führenden,erneuerbareenergienunternehmen,transaktion,eon,international,führenden,stromerzeuger,regenerativen,quellen,geworden,geschäft,zügig,ausbauen,ende,2020,verfügten,bereits,erneuerbareenergienanlagen,gesamtkapazität,108,gw,davon,entfallen,92,gw,windkraft,02,gw,photovoltaik,zahlen,geben,erzeugungsleistung,pro,rata,d˛h,gemäß,beteiligungs,quoten,zuzurechnen,neben,bestehenden,anlage,verfügen,breites,portfolio,unterschiedlich,weit,fortgeschrittenen,wachs,tum,projekten,schwerpunkt,windkraft,gefolgt,photovoltaik,erneuerbaren,energien,klima,freundlich,lassen,meist,stabile,attraktive,renditen,erzielen,bereits,heute,stromerzeugung,regenerativen,quellen,abstand,ertragreichstes,tätigkeitsfeld,vergangenen,geschäftsjahr,etwa,hälfte,bereinigten,ebitda,erwirtschaftet,hohes,wachstumstempo,windkraft,photovoltaik,windkraft,solarkapazitäten,ende,2022,13,gw,pro,rata,erhöhen,dafür,planen,nettoinvestitionen,mehr,15,mrd˛•,pro,jahr,reinvestition,erlösen,beteiligungsverkäufen,bruttoausgaben,sogar,deutlich,höher,ausfallen,weiteren,finanziellen,spielraum,august,2020,kapital,erhöhung,2,mrd˛•,verschafft,1an,investoren,2lagebericht,strategie,struktur,3versicherung,gesetzlichen,vertreter,4konzernabschluss,5weitere,informationen,23,windkraft,solarprojekte,angriff,nehmen,möglichst,gesamte,wertschöpfungskette,abdecken,œ,entwicklung,bau,betrieb,geografisch,konzentrieren,märkte,europa,nordamerika,asiatisch,pazifischen,raum,größtes,bauprojekt,bilanzstichtag,britische,nordsee,windpark,triton,knoll,gesamtleistung,857,mw,2022,turbinen,netz,land,errichten,große,windparks,z˛b,nysäter,schweden,475,mw,voraussichtlich,2021,fertigstellen,australischen,new,south,wale,œ,ebenfalls,jahr,œ,solarkraftwerk,limondale,betrieb,nehmen,249,mw,leistungsstärksten,landes,gehören,dank,unserer,umfangreichen,projektpipeline,davon,überzeugt,ausbau,erneuerbaren,energien,längere,sicht,gut,voranzukommen,vorteil,erweist,dabei,œ,neben,projekterfahrung,technischen,knowhow,unserer,team,œ,etablierte,stellung,rwe,kernmärkten,deutschland,großbritannien,usa,bereits,vorhandene,produktionsstandorte,bieten,einstiegsmöglichkeiten,synergiepotenziale,neubauprojekte,beispielsweise,vergangenen,jahr,pachtverträge,geschlossen,erlauben,flächen,unmittelbarer,nähe,vier,bestehenden,britischen,offshorewindparks,entwicklung,erweiterungsprojekten,nutzen,wachsen,neuen,märkten,nordex,2020,große,zahl,onshorewindkraftprojekten,frankreich,übernommen,land,attraktiven,förderkonditionen,zuvor,kaum,vertreten,darüber,hinaus,bereiten,markteintritt,japan,taiwan,südkorea,gemeinsam,lokalen,partnern,offshorewindkraftprojekte,verwirklichen,leistungsfähige,speicher,voraussetzung,100˜,stromerzeugung,erneuerbaren,energien,verfügbarkeit,wind,solarenergie,hängt,hohem,maße,wetterbedingungen,tages,jahreszeit,ab,mal,deckt,stromproduktion,regenerativen,quellen,bruchteil,nachfrage,mal,überschreitet,lokalen,bedarf,stark,gedrosselt,weiteren,ausbau,erneuer,baren,energien,rücken,speichertechnologien,daher,immer,mehr,mittelpunkt,technisch,wirtschaftlich,erfüllen,meist,voraussetzungen,langfristig,erforderlichen,maßstab,absicherung,stromversorgung,eingesetzt,œ,arbeiten,daran,ändert,rwe,befasst,bereits,seit,jahren,entwicklung,bau,betrieb,batteriespeichern,herdecke,ruhr,betreiben,anlage,speicherkapazität,7,mwh,größten,deutschland,gehört,bislang,umfangreichstes,batterieprojekt,setzen,hickory,park,süden,usbundesstaates,georgia,bauen,solar,kraftwerk,leistung,196,mw,80mwhbatteriespeichersystem,gekoppelt,kombination,macht,möglich,einspeisung,stroms,lokale,netz,optimieren,ertrag,solaranlage,deutlich,verbessern,weitere,projekte,art,starten,parallel,erkunden,innovative,elektrochemische,speicherverfahren,zwei,forschungs,entwicklungsvorhaben,zielsetzung,stellen,seite,32,neben,elektrochemischen,speichern,sogenannten,powertogastechnologien,wesentlich,absicherung,elektrizitäts,versorgung,beitragen,technologien,nutzen,klimaneutral,erzeugten,strom,per,elektrolyse,wasserstoff,h,2,gewinnen,später,bedarf,erzeugung,strom,verwendet,co2neutrales,wirtschaften,ziel,sektoren,emissionssenkung,strom,sektor,allein,getan,œ,eu,œ,klimaneutralität,erreicht,derzeit,drei,viertel,europäischen,nachfrage,energie,öl,kohle,gas,gedeckt,ändern,elektrifizierung,umstellung,verbrauchsprozesse,klimaneutral,erzeugten,strom,z˛b,nutzung,wärmepumpen,anstelle,öl,gasheizungen,lassen,emissionen,sektoren,industrie,wärme,verkehr,stark,reduzieren,vorteile,bietet,elektrifizierung,puncto,effizienz,beispielsweise,elektroauto,ca,95˛,eingesetzten,energie,nutzen,verbrennungsmotor,dagegen,etwa,30˛,dank,höheren,effizienz,strombasierter,anwendungen,sinkt,energiebedarf,nachfrage,co,2frei,erzeugtem,strom,œ,wichtigsten,produkt,œ,fortschreitender,elektrifizierung,dagegen,kontinuierlich,erhöhen,1an,investoren,2lagebericht,strategie,struktur,3versicherung,gesetzlichen,vertreter,4konzernabschluss,5weitere,informationen,24,wasserstoff,elementarer,baustein,energiewende,vollständig,lässt,wirtschaft,dekarbonisieren,lösungen,energienutzungen,gefunden,denen,elektrifizierung,infrage,kommt,beispiele,dafür,herstellung,stahl,düngemitteln,sowie,flug,schiffsverkehr,liegt,näheren,zukunft,größte,potenzial,nutzung,co,2frei,hergestelltem,wasserstoff,rwe,ausbau,wasserstoffwirtschaft,vorantreiben,deutschland,niederlanden,großbritannien,dabei,entlang,gesamten,wertschöp,fungskette,tätig,angefangen,produktion,grünem,strom,herstel,lung,wasserstoff,per,elektrolyse,handel,zwischenspeicherung,gas,abschluss,kommerziell,optimierter,abnahmeverträge,großen,industrie,kunden,beiden,vergangenen,jahren,vielzahl,partnerschaften,unternehmen,forschungseinrichtungen,eingegangen,gemeinsam,schaffung,flächendeckenden,wasserstoffinfrastruktur,mitwirken,beispiele,deutschen,initiativen,get,h2,aquaventus,sowie,niederländischen,vorhaben,eemshydrogen,north2,seite,31˛f,ausführlich,berichten,weitere,informationen,thema,finden,wwwrwecomwasserstoff,konventionelle,stromerzeugung,wachsende,bedeutung,energieträgers,gas,aufbau,speicherinfrastruktur,vollversorgung,grünem,strom,benötigt,frage,jahren,jahrzehnten,daher,längere,sicht,kraftwerke,geben,schwankungen,stromerzeugung,sonne,wind,ausgleichen,konventionellen,erzeugungs,kapazitäten,leisten,unverzichtbaren,beitrag,zuverlässigen,bedarfsgerechten,stromversorgung,kernmärkten,deutschland,benelux,großbritannien,großenteils,hochmodernen,gaskraftwerke,eignen,besonders,gut,partner,erneuerbaren,energien,wenig,co,2,ausstoßen,lastschwankungen,netz,schnell,reagie,ren,weiterer,vorteil,gaskraftwerken,besteht,darin,entspre,chender,umrüstung,co,2freien,kraftstoffen,betrieben,z˛b,grünem,wasserstoff,gas,schon,heute,wichtigster,konventioneller,energieträger,anteil,kraftwerksportfolio,dürfte,erhöhen,derzeit,neubaumaßnahmen,allerdings,i˛d˛r,unwirtschaftlich,sei,anlage,erhalten,garantierte,vergütungen,kraftwärmekopplungsgesetz,basis,kapazitätsausschreibungen,netzbetreiber,erst,jüngst,november,2020,ausschreibung,bau,netzstabilisierungsanlage,300,mw,standort,biblis,qualifiziert,übernahme,bestehender,gaskraftwerke,kommt,betracht,beispielsweise,anfang,2020,382mwblock,king™s,lynn,ostengland,erworben,kohle,kernkraftwerke,erzeugungs,portfolio,dagegen,immer,mehr,gewicht,verlieren,kern,energie,ergibt,deutschen,ausstiegs,fahrplan,einzelne,anlage,spätestmöglichen,abschalt,termin,vorsieht,aktuell,zwei,kernkraftwerke,rwe,netz,gundremmingen,c,emsland,dürfen,blöcke,ende,2021,bzw,ende,2022,betreiben,stilllegen,operativer,fokus,kernenergie,danach,sicheren,effizienten,rückbau,unserer,anlage,liegen,außerdem,setzen,dafür,standorte,kernkraftwerke,zukunft,energiewirtschaftlich,genutzt,oben,erwähnte,beispiel,netzstabilisierungsanlage,biblis,zeigt,beim,energieträger,kohle,zeichnet,ende,nutzungsmöglichkeit,ab,relevanten,kernmärkten,rwe,gibt,gesetzliche,ausstiegstermine,großbritannien,peilt,2024,früheste,enddatum,märz,2020,letztes,stein,kohle,kraftwerk,œ,aberthaw,b,œ,vorzeitig,stillgelegt,niederlanden,darf,2029,kohle,mehr,verstromt,älteren,anlage,gilt,verbot,bereits,fünf,jahre,früher,kraftwerke,amer,9,631,mw,eemshaven,1580,mw,einschneidende,konsequenzen,zunächst,reine,nutzung,steinkohle,ausgelegt,dank,staatlicher,förderung,setzen,anlage,inzwischen,biomasse,anteil,energieträgers,erzeugungs,leistung,betrug,ende,vergangenen,jahres,80˛,amer,9,15˛,eemshaven,müsste,ende,2024,amer,9,bzw,ende,2029,eemshaven,100˛,erhöht,kraftwerke,weiterbetreiben,technisch,möglich,allerdings,deckt,staatliche,förderung,bislang,mehrkosten,bereits,erreichten,biomassemit,verbrennung,80˛,bzw,15˛,ab,aufstockung,mittel,bislang,aussicht,gestellt,worden,1an,investoren,2lagebericht,strategie,struktur,3versicherung,gesetzlichen,vertreter,4konzernabschluss,5weitere,informationen,25,deutschland,bundestag,bundesrat,mitte,2020,kohleausstiegsgesetz,beschlossen,seite,37˛f,ausführlich,berichten,danach,sollen,spätestens,2038,kohlekraftwerke,abgeschaltet,gesetz,enthält,konkreten,ausstiegsfahrplan,deutschen,braunkohlekraftwerke,stilllegung,steinkohleanlagen,per,auktion,entschieden,braunkohle,entfallen,kapazitätsreduktionen,ersten,jahren,ausschließlich,rwe,bereits,ende,2020,rheinischen,braunkohlerevier,ersten,300mwblock,stillgelegt,zeitraum,2021˛˛2022,weitere,25,gw,erzeugungskapazität,schließen,ab,2030,drei,hochmodernen,blöcke,1000mwklasse,betreiben,vorbehaltlich,genehmigung,eukommission,bund,vorzeitigen,braunkohleausstieg,26,mrd˛•,entschädigen,tatsächliche,finanzielle,belastung,deutlich,höher,dennoch,halten,kohleausstiegsgesetz,akzeptabel,planungssicherheit,braunkohlegeschäft,wirtschaftlichen,risiken,kohleverstromung,begrenzen,klimaneutralität,schneller,voranzukommen,kraftwerken,ibbenbüren,b,westfalen,e,ersten,steinkohlestilllegungsauktion,bundesnetz,agentur,teilgenommen,siehe,seite,44,beide,anlage,erhielten,zuschlag,wurden,ende,2020,abgeschaltet,vorausgesetzt,bundesnetzagentur,stilllegung,beiden,kraftwerke,zustimmt,deutschland,steinkohle,mehr,verstromen,kohleausstieg,stellt,große,soziale,betriebliche,herausforderungen,erster,linie,braunkohlewirtschaft,betreffen,beispielsweise,müssen,tagebau,hambach,vorzeitig,beenden,gleichzeitigem,erhalt,hambacher,forsts,erheblichen,aufwendungen,verbunden,außerdem,gezwungen,großem,umfang,stellen,abzubauen,staatliche,hilfen,betroffenen,beschäftigten,geben,z˛b,anpassungsgeld,teilweise,sozialmaßnahmen,aufkommen,klar,rheinischen,braunkohlerevier,tiefgreifenden,strukturwandel,geben,wandel,mitgestalten,beitragen,region,energiewirtschaftlich,geprägt,bleibt,rekultivierungsflächen,eignen,teil,hervorragend,ausbau,erneuerbaren,energien,drei,rwewindparks,gibt,bereits,kraftwerksstandorte,weiterentwickeln,beispielsweise,frimmersdorf,innovation,technologie,gewerbepark,entstehen,standort,weisweiler,prüfen,rahmen,euprojekts,möglichkeit,gewinnung,erdwärme,fernwärmenetz,region,aachen,eingespeist,innovationszentrum,niederaußem,verstärkt,powerto,gas,technologien,beschäftigen,rahmen,unserer,forschungs,entwicklungsarbeit,produzieren,bereits,seit,2013,elektrolytisch,gewonnenem,wasserstoff,co,2,treibstoffe,grundstoffe,chemischen,industrie,energiehandel,kommerzielle,schaltstelle,erzeugungsgeschäft,kernge,schäft,rwe,zählt,energiehandel,wirtschaftliche,bindeglied,elementen,unserer,wertschöpfungskette,regionalen,märkten,verschiede,nen,rohstoffen,verantwortet,konzerngesellschaft,rwe,supply˛˛trading,schwerpunktmäßig,strom,gas,kohle,öl,biomasse,co,2zertifikaten,handelt,macht,hauptsächlich,europa,tochter,gesellschaften,new,york,singapur,peking,tokio,weiteres,tätigkeitsfeld,rwe,supply˛˛trading,vermarktung,stroms,rwe,kraftwerken,beschaffung,strom,produktion,benötigten,brennstoffe,emissionsrechte,sollen,preisrisiken,begrenzt,rwe,supply˛˛trading,ferner,betraut,einsatz,unserer,kraftwerke,kommerziell,optimieren,wobei,erträge,daraus,erzeugungsgesellschaften,zufließen,unternehmen,außerhalb,konzerns,knowhow,unserer,handel,tochter,profitieren,gibt,breite,palette,angeboten,klassischen,energielieferverträgen,umfassende,energie,managementlösungen,komplexen,risiko,manage,mentkonzepten,reichen,1an,investoren,2lagebericht,strategie,struktur,3versicherung,gesetzlichen,vertreter,4konzernabschluss,5weitere,informationen,26,zusätzliche,ertragspotenziale,zwischenhandel,speicherung,erdgas,weiteres,tätigkeitsfeld,rwe,supply˛˛trading,gasgeschäft,gesellschaft,führender,europäischer,zwischenhändler,etablieren,schon,heute,beliefert,zahlreiche,unternehmen,innerhalb,außerhalb,konzerns,gas,schließt,langfristige,bezugsverträge,produzenten,ab,organisiert,gastransport,buchung,pipeline,optimiert,zeitliche,profil,lieferungen,speicher,kapazitäten,mietet,dabei,gilt,je,größer,diversifizierter,portfolio,bezugs,lieferkontrakten,desto,größer,chance,kommerziell,optimieren,lässt,rwe,supply˛˛trading,handelt,verflüssigtem,erdgas,lng,dabei,geht,erster,linie,darum,preisdifferenzen,regionalen,gasmärkten,nutzen,pipeline,miteinander,verbunden,zuge,tauschgeschäfts,eon,gasspeicher,unserer,früheren,tochter,innogy,erhalten,fünf,deutschland,gesamtvolumen,16,mrd˛m,3,sechs,tschechien,27,mrd˛m,3,ergebnisbeiträge,bewirtschaftung,anlage,erfassen,segment,energiehandel,regulatorischen,gründen,müssen,speichergeschäft,rechtlich,unabhängig,gashandels,gasvertriebstätig,keiten,führen,eigentümer,betreiber,speicher,daher,konzerngesellschaften,rwe,gas,storage,west,rwe,gas,storage,cz,marktteilnehmern,speicher,dienstleistungen,diskriminierungsfrei,angemessenen,bedingungen,anbieten,kunden,nutzen,speicher,kurzfristigen,saisonalen,schwankungen,gashandelspreise,profitieren,aktuell,lassen,allerdings,geringe,margen,erzielen,gilt,insbesondere,deutschen,markt,überkapazitäten,geprägt,zuversichtlich,speicherbedarf,erzielbaren,margen,mittlere,sicht,erhöhen,u˛a,wegen,zunehmenden,nachfrage,kraftwerksgas,langfristige,ertragsperspektiven,ergeben,mögliche,nutzung,unserer,anlage,zwischenspeicherung,wasserstoff,attraktives,beteiligungsportfolio,stärkung,finanzkraft,neben,operativen,geschäft,gibt,rwe,portfolio,beteiligungen,energie,unternehmen,hohe,verlässliche,einnahmen,versprechen,wesentlichen,anteile,amprion,251˛,kelag,379˛,eon,15˛,beteiligung,eon,messen,ausschließlich,finanzielle,bedeutung,nutzen,derzeit,œ,zusammen,braunkohleentschädigungsanspruch,gegenüber,bund,œ,deckung,bergbaurückstellungen,beteiligung,kelag,verbinden,dagegen,strategische,ziele,rwe,ebenfalls,kelag,beteiligte,österreichische,bundesland,kärnten,unterhalten,partnerschaft,u˛a,darum,geht,rolle,nehmens,kompetenzzentrum,laufwasserkraftwerke,konzern,stärken,steuerungssystem,rwe,ag,mittelpunkt,unserer,geschäftspolitik,steht,nachhaltige,steigerung,unternehmenswertes,steuerung,konzern,aktivitäten,nutzt,rwe,ag,konzernweites,planungs,controllingsystem,effizienten,ressourcen,einsatz,gewährleistet,zugleich,zeitnahen,detaillierten,einblick,aktuelle,voraussichtliche,entwicklung,vermögens,finanz,ertragslage,ermög,licht,basis,zielvorgaben,vorstands,erwartungen,hinsichtlich,geschäfts,verlaufs,erarbeiten,jahr,mittelfristplanung,stellen,dar,wichtige,finanzkennzahlen,voraussichtlich,entwickeln,mittelfristplanung,enthält,budgetwerte,jeweils,bevorstehende,geschäftsjahr,planzahlen,folgejahre,vorstand,legt,planung,aufsichtsrat,prüft,genehmigt,laufende,geschäftsjahre,erstellen,interne,prognosen,budget,anknüpfen,vorstände,rwe,ag,wichtigsten,operativen,einheiten,kommen,regelmäßig,zusammen,jahres,abschlüsse,auszuwerten,prognosen,aktualisieren,sofern,laufe,geschäftsjahres,deutliche,abweichungen,prognose,budgetwerten,auftreten,ursachen,analysiert,gegebenenfalls,gegensteuernde,maßnahmen,ergriffen,außerdem,informieren,kapitalmarkt,unverzüglich,veröffentlichte,prognosen,angepasst,müssen,1an,investoren,2lagebericht,strategie,struktur,3versicherung,gesetzlichen,vertreter,4konzernabschluss,5weitere,informationen,27,wichtige,kennzahlen,steuerung,geschäfts,bereinigte,ebitda,bereinigte,ebit,bereinigte,netto,ergebnis,investitionen,nettoschulden,beim,ebitda,handelt,ergebnis,zinsen,steuern,abschreibungen,aussagekraft,hinblick,ordentlichen,geschäftsverlauf,verbessern,bereinigen,operative,aperiodische,effekte,neutralen,ergebnis,erfasst,herausgerechnet,veräußerungsgewinne,verluste,vorübergehende,ergebnis,effekte,marktbewertung,derivaten,firmenwertabschreibungen,sowie,sonstige,wesentliche,sondersachverhalte,zieht,bereinigten,ebitda,betrieb,lichen,abschreibungen,ab,erhält,bereinigte,ebit,wichtige,operative,kenn,zahl,bereinigte,netto,ergebnis,ermitteln,nettoergebnis,neutrale,ergebnis,ergebnis,fortgeführter,aktivitäten,sowie,wesentliche,sondereinflüsse,finanzergebnis,ergebnisanteilen,gesellschafter,korrigieren,außerdem,setzen,anstelle,tatsächlichen,einmaleffekten,beeinflussten,steuerquote,wert,15˛,erwarteten,mittleren,steuerbelastung,kommenden,jahre,orientiert,attraktivität,investitionsvorhaben,beurteilen,nutzen,erster,linie,internen,zinsfuß,internal,rate,of,return,finanzlage,konzerns,analysieren,u˛a,anhand,cash,flow,laufender,geschäftstätigkeit,besonderes,augenmerk,legen,entwicklung,free,cash,flow,ergibt,mittel,zufluss,laufender,geschäftstätigkeit,ausgaben,investitionen,abzieht,einnahmen,desinves,titionen,anlagenabgängen,hinzurechnet,weiterer,indikator,finanzkraft,rwe,nettoschulden,dabei,handelt,nettofinanz,position,rwe,zuzüglich,rückstellungen,pensionen,ähnliche,verpflichtungen,entsorgung,kernenergie,bereich,rückbau,windparks,bergbau,bedingten,rückstellungen,deckung,verwendeten,finanzaktiva,bleiben,dagegen,unberücksichtigt,steuerung,unserer,verschuldung,orientieren,sogenannten,leverage,factor,gibt,verhältnis,nettoschulden,bereinigten,ebitda,kerngeschäft,nachhaltiges,wirtschaften,œ,mehr,senkung,emissionen,langfristig,erfolgreich,unternehmerische,verantwortung,wahrnehmen,akzeptanz,gesellschaft,sichern,aspekt,corporate,responsibility,daher,große,bedeutung,bezieht,allgemeinem,verständnis,bereiche,umwelt,environment,soziales,social,unternehmensführung,governance,kurz,esg,geht,somit,weit,verringerung,treibhausgasemissionen,hinaus,erwartungen,gesellschaft,besser,einschätzen,suchen,dialog,vertretern,unserer,anspruchsgruppen,—stakeholderﬁ,bezeichnet,dabei,handelt,erster,linie,anteilseigner,finanzpartner,arbeitnehmer,politiker,verbände,nichtregierungsorganisationen,bürgerinitiativen,impulse,austausch,stakeholdern,erhalten,helfen,dabei,handlungsschwer,punkte,esgbereich,festzulegen,wichtige,anliegen,œ,neben,reduktion,unserer,emissionen,œ,u˛a,gesundheit,unserer,mitarbeiter,biodiversität,standorten,vielfalt,belegschaft,attraktivität,rwe,arbeitgeber,viele,belange,legen,konkrete,ziele,fest,messen,erreichung,kennzahlen,ergebnis,öffentlichkeit,transparent,erfüllung,esgzielen,maßgeblichen,einfluss,höhe,vorstandsvergütung,weitergehende,informationen,darüber,ziele,gebieten,umwelt,soziales,unternehmensführung,verfolgen,bereits,erreicht,finden,nachhaltigkeitsbericht,gesonderten,nichtfinanziellen,konzernbericht,§˛315b,ab,3,hgb,geschäftsjahr,2020,publikationen,april,2021,vorliegen,wwwrwecomverantwortungundnachhaltigkeit,abgerufen,unserer,website,informieren,darüber,nachhal,tigkeitsstrategie,deren,umsetzung,unabhängigen,ratingagenturen,bewertet,wwwrwecomratingsundrankings,finden,näheres,1an,investoren,2lagebericht,strategie,struktur,3versicherung,gesetzlichen,vertreter,4konzernabschluss,5weitere,informationen,28,forschung,entwicklung,rwe,lösungen,nachhaltiges,energiesystem,rwe,vielfältiger,weise,innovativ,anspornt,ziel,stark,wandelnden,umfeld,wettbewerbsfähig,bleiben,motor,wandels,innovationsprojekten,lösungen,entwickeln,dabei,helfen,nutzung,erneuerbarer,energien,voranzutreiben,vermehrt,strom,speichern,großtechnische,produktion,wasserstoff,einzusteigen,aufbau,kreislauf,wirtschaft,beizutragen,kohlendioxid,ökologisch,sinnvollen,verwendung,zugeführt,mehr,900,patente,patentanmeldungen,etwa,250,erfindungen,basieren,belegen,hohen,stellenwert,forschung,entwicklung,f˛˛e,rwe,vergangenen,jahr,205,f˛˛eprojekten,gearbeitet,rund,390,unserer,beschäf,tigten,ausschließlich,teilweise,befasst,häufig,kooperieren,vorhaben,unternehmen,forschungseinrichtungen,müssen,deshalb,i˛d˛r,teil,projektkosten,tragen,spiegelt,betrieblichen,f˛˛eaufwand,rwekonzerns,wider,2020,20,mio˛•,lag,vorjahr,21,mio˛•,folgenden,präsentieren,kleine,auswahl,unserer,aktuellen,innovationspro,jekte,verdeutlichen,mannigfaltigkeit,herausforderungen,energie,wende,stellt,ebenso,kreativität,heraus,forderungen,angehen,neue,technologien,ausbau,offshorewindkraft,nutzen,global,führendes,unternehmen,gebiet,offshorewindkraft,suchen,wegen,aktionsradius,erweitern,aktuellen,f˛˛eprojekten,herausfinden,fundamente,schwimmende,windparks,floating,wind,wettbewerbsfähigsten,wissen,könnten,ganz,neue,regionen,windkraft,erschließen,offshorewindparks,typischerweise,meeresboden,errichtet,dabei,gilt,je,tiefer,wasser,desto,robuster,müssen,konstruktionen,wind,wetter,standzuhalten,heißt,mehr,material,verbaut,projektaufwand,steigt,anlage,deshalb,i˛d˛r,wassertiefen,60,metern,wirtschaftlich,potenzial,windenergie,besser,nutzen,arbeitet,branche,derzeit,konzepten,schwimmende,windturbinen,windräder,stehen,dabei,schwimmkörper,stahl,beton,ankerketten,gehalten,meeresgrund,befestigt,standorte,anlage,kommen,tiefere,gewässer,infrage,z˛b,küsten,asiens,amerikas,mittel,meerraums,teile,nordsee,laut,windeurope,europäischen,verband,windindustrie,wasser,80˛,meeresgebiete,geeignete,windstärken,stromerzeugung,aufweisen,klassischen,fundamentkonstruktionen,tief,arbeiten,zurzeit,demonstrationsprojekten,drei,verschiedenen,typen,schwimm,fundamenten,untersuchen,dabei,technologien,œ,doppelter,hinsicht,œ,tragfähigsten,projekte,tetraspar,besteht,schwimmende,fundament,mehreren,modulen,kostensparend,verschiedenen,orten,vorgefertigt,kiel,unterhalb,plattform,hält,stahlrohrtragkonstruktion,œ,ähnlich,schiff,œ,aufrecht,wasser,projekt,arbeiten,shell,dänischen,unternehmen,stiesdal,offshore,technology,japanischen,energieversorger,tepco,zusammen,oktober,2020,erste,tetrasparfundament,dänischen,hafen,grenaa,montiert,wurde,winter,eingelagert,22,innovation,lassen,tiefe,gewässer,bau,windparks,nutzen,womit,flaute,dunkelheit,klimaneutrale,stromversorgung,sicherstellen,möglichkeiten,gibt,kohlendioxid,ökologisch,sinnvoll,verwenden,rwe,fragen,überzeugende,antworten,geben,vergangenen,jahr,œ,gemeinsam,partnern,industrie,wissenschaft,œ,mehr,200,innovationsprojekte,gestartet,vorangetrieben,meisten,unserer,vorhaben,dienten,ziel,innovativen,lösungen,technischen,herausforde,rungen,energiewende,meistern,1an,investoren,2lagebericht,innovation,3versicherung,gesetzlichen,vertreter,4konzernabschluss,5weitere,informationen,29,frühjahr,2021,wasser,gelassen,kaikante,36mwwind,turbine,schwimmkörper,gesetzt,anschließend,bringen,schleppschiffe,anlage,teststandort,zehn,kilometer,norwegischen,küste,nahe,stavanger,drei,ankerketten,200,meter,tiefe,befestigt,kabel,an,stromnetz,angeschlos,sen,sommer,2021,stromproduktion,starten,schwimmende,turbine,vielzahl,sensoren,ausgestattet,messen,verhalten,realen,bedingungen,annahmen,entspricht,vorfeld,mithilfe,berechnungen,modellversuchen,getroffen,zweite,projekt,demosath,dabei,arbeiten,spanischen,unternehmen,saitec,offshore,technology,zusammen,schwimmende,plattform,2mwwindturbine,entwickeln,bauen,eingesetzt,turbine,nordspanischen,küste,nahe,bilbao,sathtechnologie,sath,swinging,around,twin,hull,basiert,katamaranähnlichen,schwimmkörper,verspannten,betonteilen,schwimmkörper,flexibel,fixen,verankerungspunkt,ausrichten,œ,je,nachdem,richtung,wind,wellen,kommen,demosathprototyp,mitsamt,turbine,kai,hafen,bilbao,montiert,ankerpunkt,testfeld,atlantik,geschleppt,zwei,kilometer,baskischen,küste,entfernt,meer,rund,85,meter,tief,meeresboden,verankerte,ketten,kunstfaserseile,schwimmende,plattform,position,halten,projektplan,dreieinhalb,jahre,planung,bau,testbetrieb,vorgesehen,coronabedingten,verzögerungen,turbine,sommer,2022,erstmals,strom,liefern,dritten,projekt,new,england,aqua,ventus,kooperieren,university,of,maine,diamond,offshore,wind,tochterunternehmen,mitsubishi,corporation,ende,2023,10mwanlage,golf,maine,ostküste,usa,errichten,anlage,patentierte,technologie,university,of,maine,verbaut,schwimmkörper,besteht,betonmodulen,deren,fugen,verklebt,œ,kon,struktionsform,brücken,angewendet,schwimmende,plattform,wiegt,rund,10000,tonnen,liegt,20,meter,tief,wasser,mittelpunkt,projekts,stehen,bewertung,technologie,hinblick,umweltbelange,sowie,analyse,möglichkeiten,störungsfreien,miteinanders,offshorewindkraftanlagen,schiffsverkehr,projekt,befindet,entwicklungsphase,laufenden,jahr,passende,turbine,auswählen,verhandlungen,baufirmen,eintreten,höhenwind,strom,gewinnen,bereits,seit,jahren,beschäftigt,rwe,frage,vergleichsweise,kräftigen,stetigen,windströme,großen,höhen,produktion,strom,nutzen,lassen,großes,potenzial,bietet,einsatz,sogenannter,airbornewindenergysysteme,bestehen,flugkörper,halteseil,bodenstation,beim,flugobjekt,handelt,meist,art,lenkdrachen,beim,kitesurfen,hartflügelkonstruktion,kleinen,propellerflugzeug,ähnelt,beide,geräte,höhen,500,metern,aufsteigen,strom,gesteuerte,flugbewegungen,quer,wind,erzeugt,œ,entweder,luft,onboardturbinen,boden,abspulende,halteseil,generator,antreibt,rahmen,kooperation,skysail,power,hamburger,nehmen,höhenwindkraftanlage,200,kw,leistung,erworben,drei,jahre,lang,forschungs,entwicklungszwecken,betreiben,parallel,ent,wickeln,derzeit,teststandort,höhenwindanlagen,irland,weitere,prototypen,konzepte,erproben,darunter,150kwanlage,niederländischen,kooperationspartners,ampyx,power,projekt,förderzusage,eu,erhalten,zuversichtlich,neue,technologie,sinnvolle,ergänzung,üblichen,form,windstromerzeugung,etablieren,höhenwindanlagen,weisen,gegenüber,windturbinen,boden,vorteile,puncto,materialbedarf,tungsaufwand,auslastung,lärmemissionen,verschattung,außerdem,flexibel,unterschiedlichen,standorten,eingesetzt,unserer,einschätzung,kommenden,dekade,möglich,höhenwindanlagen,megawattbereich,kommerziell,betreiben,1an,investoren,2lagebericht,innovation,3versicherung,gesetzlichen,vertreter,4konzernabschluss,5weitere,informationen,30,herstellung,grünem,wasserstoff,vorantreiben,je,mehr,stromerzeu,gung,wind,sonne,umgestellt,desto,wichtiger,energiespeicher,elektrizität,bedarfsgerecht,somit,unabhängig,wetter,verfügung,steht,stromspeicherung,benötigten,maßstab,bieten,zwei,optionen,möglich,keit,nutzung,leistungsfähiger,batterien,zweite,option,besteht,darin,strom,erneuerbaren,energien,wasserstoff,h,2,herzustellen,bedarf,rückverstromt,besonderheit,co,2frei,gewonnenem,wasserstoff,liegt,vielfältigen,verwendungsformen,eignet,stromspeicher,dekarbonisierung,industrieller,prozesse,mobilitätsformen,elektrifiziert,verwendung,h,2,konzentrieren,aktuellen,initiativen,ausbau,wasserstoffinfrastruktur,denen,beteiligen,rwe,arbeitet,vielzahl,wasserstoffprojekten,deutschland,niederlanden,großbritannien,folgenden,stellen,vier,projekte,beitragen,könnten,gebiet,nordwestdeutschlandniederlande,wasserstoffkernregion,entwickelt,weitere,vorhaben,informieren,wwwrwecomwasserstoff,ersten,branchenübergreifenden,wasserstoffinitiativen,deutschland,get,h2,neben,rwe,basf,bp,evonik,nowega,oge,thyssengas,uniper,viele,weitere,unternehmen,wissenschaftliche,einrichtungen,daran,beteiligt,get,h2,deckt,gesamte,wasserstoffwertschöpfungskette,ab,herstellung,transport,nutzung,langfristiges,ziel,aufbau,deutschlandweiten,wasserstoffinfra,struktur,dach,initiative,partnern,projekt,get,h2,nukleus,gestartet,kraftwerksstandort,lingen,umgesetzt,elektrolyseanlage,entstehen,wasser,strom,windkraftanlagen,wasserstoff,sauerstoff,aufspalten,geplant,kapazität,100,mw,anlage,wäre,deutlich,größer,elektrolyseure,deutschland,bereits,betrieb,grüne,wasserstoff,umgewidmete,erdgasleitung,nördliche,ruhrgebiet,fließen,raffinerien,chemieparks,einsatz,kommen,bereits,ende,2023,könnten,produktion,transport,wasserstoffs,anlaufen,wäre,kern,schrittweise,ausdehnenden,öffentlichen,wasserstoffinfrastruktur,geschaffen,projektpartner,außerdem,ziel,gesetzt,elektrolysetechnik,einsatz,großanlagen,serienreife,bringen,kosten,produktion,grünem,wasserstoff,senken,weitere,initiative,großem,potenzial,aquaventus,idee,wasserstoff,hoher,see,strom,offshorewindkraftanlagen,produziert,pipeline,verbrauchszentren,land,transportiert,insel,helgoland,dient,dabei,zentraler,knotenpunkt,hoher,see,produzierte,wasserstoff,zunächst,pipeline,dorthin,geleitet,hafen,helgoland,bereits,heute,logistische,zentrale,betrieb,offshorewindparks,wasserstoff,zunächst,eigenbedarf,insel,genutzt,steigender,produktion,geplant,festland,weiterzu,transportieren,zunächst,per,tankschiff,später,sammelpipeline,kooperationspartner,aquaventus,u˛a,gascade,gasunie,shell,siemens,pilotprojekt,sollen,küstenmeer,helgoland,zwei,14mwwindturbinen,errichtet,deren,fuß,jeweils,elektrolyseur,befindet,plangemäßem,projektfort,schritt,könnten,turbinen,2026,betrieb,langfristig,nordsee,jahr,2035,elektrolyseanlagen,gesamtkapazität,10,gw,geplant,ließen,pro,jahr,1,mio,tonnen,grüner,wasserstoff,gewinnen,unserer,wichtigsten,wasserstoffprojekte,außerhalb,deutschland,eemshydrogen,umsetzen,niederländischen,kraftwerksstandort,eemshaven,elektrolyseanlage,entstehen,strom,benachbarten,onshore,windpark,westereems,betrieben,kapazität,anlage,zunächst,50,mw,betragen,anstieg,lokalen,windkraftkapazitäten,h,2bedarfs,später,stufenweise,erhöht,wasserstoff,umgerüstete,erdgas,leitung,transportieren,bedarf,salzkaverne,zwischenspeichern,schließlich,großkunden,liefern,derzeit,laufen,bereits,gespräche,unternehmen,aufbau,wasserstoffinfrastruktur,beteiligen,potenziellen,abnehmern,nahe,gelegenen,industriecluster,delfzijl,aktueller,planung,elektrolyseur,2024,betrieb,gehen,ebenfalls,norden,niederlande,projekt,north2,realisiert,ziel,region,drehscheibe,versorgung,nordwesteuropas,grünem,wasserstoff,system,offshorewindparks,elektrolyseuren,gasspeichern,leitungen,geschaffen,north2,wurde,anfang,2020,gasunie,groningen,seaport,shell,gestartet,seit,dezember,bringen,equinor,rwe,knowhow,plänen,konsortialpartner,2030,stromerzeugungs,1an,investoren,2lagebericht,innovation,3versicherung,gesetzlichen,vertreter,4konzernabschluss,5weitere,informationen,31,elektrolyseleistung,4,gw,aufgebaut,2040,sollen,bereits,mehr,10,gw,zieldimension,vergleichbar,deutschen,nachbarprojekts,aquaventus,zunächst,machbarkeitsstudie,klarheit,darüber,bringen,north2,geplant,umsetzen,lässt,zweiten,jahreshälfte,2021,partner,projektentwicklung,beginnen,batterien,stabilität,stromnetzes,beitragen,neben,wasser,stofftechnologie,elektrochemischen,speicher,unverzichtbare,bausteine,klimafreundlichen,energieversorgung,seit,anfang,2018,betreiben,neben,pump,speicherkraftwerk,herdecke,ruhr,batteriespeicher,kapazität,7,mwh,herzstück,drei,frachtcontainer,insgesamt,552,batterie,modulen,bestückt,erfahrungen,betrieb,anlage,neue,speicher,projekte,gestartet,denen,zwei,folgenden,vorstellen,erste,projekt,namen,pantarhei,setzen,neuen,rwecampus,essen,seit,mai,2020,entwickeln,redoxflowbatterie,besondere,technologie,chemischen,verbindungen,denen,elektrische,energie,gespeichert,flüssigkeit,gelöst,daher,spricht,flüssigbatte,rie,pilotanlage,speicherkapazität,390,kwh,voller,ladung,mehr,drei,stunden,lang,leistung,120,kw,abrufen,bereits,laufenden,jahr,potenzial,voll,ausgeschöpft,projekt,pantarhei,versprechen,wertvolle,erfahrungen,hinblick,zuverlässigen,betrieb,redoxflowbatterien,testanlage,zunächst,regelenergiemarkt,eingesetzt,stromnetz,stabilisieren,batterien,sekundenschnelle,ände,rungen,netzfrequenz,reagieren,testanlage,dabei,bewähren,weitere,anwendungen,prüfen,beispielsweise,könnten,flüssigbatterie,stromgroßhandel,einsetzen,preisdifferenzen,nutzen,u˛a,schwanken,einspeisungen,wind,solarstrom,ergeben,beim,zweiten,projekt,œ,lazarus,œ,besonders,kostengünstigen,nachhaltigen,speichermöglichkeit,gebrauch,bereits,genutzte,lithiumionenbatterien,elektrofahrzeugen,zurückgreifen,vorteil,—secondlife,batterienﬁ,günstig,verfügen,meist,mehr,70˛,anfäng,lichen,speichervolumens,herstellung,co,2emissionen,entstanden,verlängerung,nutzungsdauer,ökologisch,sinnvoll,langfristig,planen,vielzahl,batterien,großspeicher,zusammenzufügen,seit,august,2020,arbeiten,partner,automobilindustrie,pilotanlage,regelenergiemarkt,einsetzen,technische,herausforderung,ergibt,dabei,unterschiedlichen,leistungsfähigkeit,secondlifebatterien,projekt,lazarus,untersuchen,anlage,trotz,besonderheit,verlässlich,betreiben,co,2,treibstoffe,vollständige,dekarbonisierung,industrieller,prozesse,kommenden,dekaden,kaum,schaffen,europa,ziel,klimaneutralität,mitte,jahrhunderts,erreichen,hängt,daher,maßgeblich,davon,ab,co,2,umgehen,produktionsprozessen,zwangsläufig,anfällt,möglichkeit,kohlendioxid,unterirdisch,einzulagern,atmosphäre,gelangt,smartere,alternative,besteht,darin,co,2,binden,z˛b,grünem,wasserstoff,kombiniert,chemische,produkte,z˛b,kunststoffe,umwandelt,seit,mehr,zehn,jahren,arbeiten,verfahren,ermöglichen,co,2,ökologisch,sinnvoll,nutzen,grundlage,forschungen,kohlendioxid,unserer,pilotanlage,innovationszentrum,niederaußem,rheinischen,braunkohlerevier,zusammen,basf,linde,weltweit,führenden,technologien,sogenannte,co,2wäsche,entwickelt,kohlendioxid,rauchgas,kraftwerks,chemieanlage,herausgelöst,verflüssigt,recycling,verfügbar,gemacht,demonstrationsanlage,co,2wäsche,leistungsfähigkeit,langjährigen,test,beweis,gestellt,seit,2009,mehr,85000,betriebsstunden,absolviert,co,2abscheidungsgrade,98˛,erzielt,co,2,verwenden,herstellung,synthetischen,treibstoffen,grundstoffen,chemischen,industrie,genutzt,substanzen,lassen,1an,investoren,2lagebericht,innovation,3versicherung,gesetzlichen,vertreter,4konzernabschluss,5weitere,informationen,32,fossile,energieträger,erdöl,erdgas,ersetzen,bergen,somit,hohes,potenzial,industrie,verkehr,gemeinsam,partnern,halbes,dutzend,projekte,umwandlung,co,2,leben,gerufen,förderung,z˛b,eu,bundesministerium,wirtschaft,energie,bmwi,qualifi,ziert,zwei,vorhaben,mefco,2,alignccus,konnten,bereits,erfolgreich,abschließen,basis,reihe,neuer,f˛˛einitiativen,geschaffen,2021,anlaufen,projekt,mefco,2,methanol,fuel,from,co,2,methanol,ch,4o,co,2,h,2,hergestellt,wasserstoff,erzeugten,per,elektrolyse,wasser,strom,methanol,ausgangsstoff,verschiedenste,chemische,produkte,meistproduzierten,chemikalien,weltweit,durchsichtige,flüssigkeit,eignet,langzeitspeicher,wasserstoff,erkenntnis,nutzen,u˛a,betrieb,werksfahrzeugs,elektroauto,brennstoffzelle,erweitert,reichweite,erhöhen,fahrt,laden,methanol,dabei,wasserstofflieferant,genutzt,brennstoffzelle,lädt,fahrzeugbatterie,energie,freigesetzt,wasserstoff,sauerstoff,reagiert,reines,wasser,entsteht,künftig,weitere,möglichkeiten,nutzung,methanol,kraftstoff,ausloten,alignccus,30,industrieunternehmen,forschungseinrichtungen,fünf,europäischen,ländern,beteiligt,bmwi,eu,mittel,dafür,bereitgestellt,projekt,konnten,zeigen,vollständige,wertschöpfungskette,abscheidung,nutzung,speicherung,co,2,gestalt,lässt,co,2,wasserstoff,dimethylether,dme,umgewandelt,dme,flüssiggas,ähnlich,propan,lpg,autogas,u˛a,treibmittel,haarsprays,verwendet,dme,lassen,œ,genau,lpg,œ,auto,antreiben,verbrennt,diesel,jedoch,ruß,stickoxidarm,sauberer,entscheidend,verwendeten,wasserstoff,ebenfalls,hergestellt,œ,wasser,regene,rativ,erzeugtem,strom,niederaußem,anfang,2020,pilotanlage,betrieb,genommen,pro,tag,50,kilogramm,dme,co,2,wasserstoff,gewinnen,dme,setzen,zunächst,treibstoff,entsprechend,umgerüsteten,dieselaggregat,spitzenlaststrom,erzeugen,abschluss,alignccus,november,2020,pilotanlage,betrieb,geblieben,nutzen,projekt,takeoff,anfang,2021,gestartet,wurde,ebenfalls,eu,gefördert,arbeiten,neun,partnern,sechs,ländern,zusammen,ziel,vorhandene,technologie,weiterzuentwickeln,kraftstoff,flugverkehr,basis,dme,methanol,herzustellen,darüber,hinaus,untersuchen,projekt,nrwrevierpowertobiojetfuel,heute,verfügbaren,verfahren,industriellen,maßstab,klimaneutralen,flugzeugtreibstoff,wasserstoff,co,2,herstellen,rechnen,politik,grünes,kerosin,luftfahrt,grünem,diesel,lkw,schiffe,fördern,dürfte,projektergebnis,rwe,wirtschaftlich,interessant,ausführliche,informationen,weiteren,f˛˛eprojekten,finden,wwwrwecominnovation,1an,investoren,2lagebericht,innovation,3versicherung,gesetzlichen,vertreter,4konzernabschluss,5weitere,informationen,33,23,rahmenbedingungen,geschäfts,klimaschutz,steht,weiterhin,zentrum,energiepolitik,per,gesetz,eu,ambitionierteres,emissionsminderungsziel,2030,festgelegt,ende,2020,sprach,europäische,rat,senkung,treibhausgasausstoßes,mindestens,55˜,vergleich,1990,ziel,eu,ökologischen,umbau,wirtschaft,voranzutreiben,beispielsweise,sollen,sektoren,strom,wärme,transport,industrie,besser,vernetzt,europäische,wasserstoffwirtschaft,aufgebaut,geschehen,europäische,kommission,strategiepapieren,konkretisiert,heimatmarkt,deutschland,weichen,mehr,klimaschutz,gestellt,worden,mitte,2020,politik,gesetz,lichen,rahmen,schrittweise,beendigung,kohleverstromung,geschaffen,dadurch,mehr,planungssicherheit,hinblick,braunkohle,wirtschaft,positiv,staat,dabei,hilft,notwendigen,personal,abbau,sozial,abzufedern,politische,rahmenbedingungen,eu,2050,treibhausgasneutral,europäische,kommission,märz,2020,entwurf,europäischen,klimaschutzgesetzes,vorgelegt,handelt,ersten,legislativvorschlag,umsetzung,green,deal,eu,kommissionspräsi,dentin,ursula,leyen,obersten,priorität,fünfjährigen,amtszeit,erklärt,siehe,geschäftsbericht,2019,seite,42,gesetz,euziel,klimaneutralität,2050,verbindlich,festgeschrieben,euinstitutionen,mitgliedstaaten,wären,verpflichtet,voraussetzungen,dafür,schaffen,nettotreibhaus,gasemissionen,mitte,jahrhunderts,null,gesenkt,2023,kommission,erstmals,zwischenbilanz,ziehen,erklären,maßnahmen,eu,jeweiligen,mitgliedstaaten,zueinander,passen,ausreichen,danach,fünf,jahre,standortbestimmung,geben,gesetzesinitiative,außerdem,anhebung,emissionsminde,rungsziels,jahr,2030,bereitet,worden,alte,zielmarke,sieht,senkung,treibhausgasausstoßes,40˛,vergleich,1990,gesetzentwurf,märz,2020,50,55˛,erwogen,allerdings,vorbehalt,umfassenden,folgenabschätzung,september,ergebnisse,abschätzung,vorlagen,kommission,ziel,—mindestens,55˛ﬁ,konkretisiert,europäischen,parlament,ging,weit,genug,anfang,oktober,sprach,mehrheit,abgeordne,ten,senkung,treibhausgasemissionen,60˛,ebenfalls,oktober,gab,europäische,rat,grünes,licht,klimaschutzgesetz,wobei,etappenziel,2030,jedoch,zunächst,ausgespart,blieb,beim,eugipfel,dezember,einigten,staats,regierungschefs,schließlich,senkung,mindestens,55˛,ziel,ende,festgelegt,sogenannten,triloggesprächen,vertretern,rate,parlaments,ermittelt,kommission,eingebunden,aufstellung,lageberichts,anfang,märz,2021,verhandlungen,abgeschlossen,klimaschutzgesetz,grundstein,green,deal,gelegt,weit,reichenden,umbau,industrie,energieversorgung,verkehr,landwirtschaft,vorsieht,dafür,eukommission,zahlreiche,gesetzesinitiativen,starten,förderprogramme,auflegen,geplant,u˛a,beschleunigter,ausbau,erneuerbaren,energien,neue,industriestrategie,importhürden,klimaschädlich,produzierte,strategie,sauberen,verkehr,regionen,maßnahmen,besonders,belastet,sollen,mitteln,—just,transition,fundﬁ,unterstützt,außerdem,eu,europäischen,emissionshandel,reformieren,dabei,wohl,zahl,markt,gegebenen,zertifikate,deutlich,senken,œ,maße,dürfte,davon,abhängen,emissionsminderungsziel,rat,parlament,verständigen,1an,investoren,3,versicherung,gesetzlichen,vertreter,4,konzernabschluss,5,weitere,informationen,342,lagebericht,rahmenbedingungen,geschäfts,eu,schafft,system,nachhaltigkeitsklassifizierung,wirtschaftsaktivitäten,europäische,parlament,ministerrat,juni,2020,sogenannte,taxono,mieverordnung,erlassen,orientierungsrahmen,dafür,geben,wirtschafts,aktivitäten,nachhaltig,einzustufen,finanzmarktteilnehmer,z˛b,invest,mentfonds,finanzprodukt,ökologisch,nachhaltig,vermarkten,müssen,künftig,darüber,berichten,anteil,grüne,investitionen,sinne,verordnung,anlageportfolio,unternehmen,kommen,höhere,publizitätsanforde,rungen,gesellschaften,nichtfinanziellen,berichterstattung,verpflichtet,müssen,nähere,angaben,nachhaltigkeit,geschäftsaktivitäten,erhöhten,transparenz,erhofft,eu,impulse,investitionen,beitrag,green,deal,leisten,taxonomieverordnung,12,juli,2020,kraft,getreten,zentraler,rechtsakt,bedarf,umsetzung,nationales,recht,veröffentli,chungspflichten,gelten,ab,2022,zuvor,eukommission,allerdings,kriterien,konkretisieren,anhand,entschieden,wirtschaftstätig,keiten,verordnung,genannten,nachhaltigkeitsgrundsätze,erfüllen,eu,energiesystem,integrieren,aufbau,wasserstoffwirtschaft,vorantreiben,juli,2020,eukommission,strategiepapiere,bessere,vernetzung,sektoren,strom,wärme,transport,industrie,integration,energiesystems,thema,wasserstoff,vorgelegt,darin,aufgeführt,vielzahl,zielen,maßnahmen,rahmen,green,deal,beitragen,sollen,eu,ziel,klimaneutra,lität,2050,erreicht,strategie,integration,energiesystems,eukommission,emissionsminderungs,effizienzpotenziale,erschließen,integrierten,system,beispielsweise,fahrzeuge,strom,solarpaneelen,angetrieben,wohnungen,fernwärme,fabrik,geheizt,produktionsanlagen,wasserstoff,betrieben,strom,offshorewindanlagen,gewonnen,wurde,zentralen,ansatzpunkt,vernetzung,sektoren,sieht,eukommission,umstellung,endenergieverbrauchs,strom,beispielsweise,zunehmende,nutzung,wärmepumpen,eautos,sektoren,denen,elektrifizierung,schwierig,einsatz,sauberer,brennstoffe‡,z˛b,grünen,wasserstoffs,vorangetrieben,zweck,kommission,u˛a,neues,klassifizierungs,zertifizie,rungssystem,co,2freie,co,2arme,brennstoffe,erarbeiten,daneben,plant,förderprogramme,umfassende,anpassungen,europäischen,rechtsrahmens,integrierten,energiesystem,wasserstoff,h,2,dekarbonisierung,industrie,verkehr,stromerzeugung,gebäuden,europa,unterstützen,wasserstoff,strategie,eu,befasst,potenzial,investitionen,regulierung,schaffung,märkten,innovationen,ausgeschöpft,vorrangiges,ziel,entwicklung,grünen,wasserstoffwirtschaft,h,2,hauptsächlich,elektrolytisch,strom,erneuerbaren,energien,gewonnen,2024,sollen,elektrolysekapazi,täten,mindestens,6,gw,geschaffen,denen,produktion,1,mio,tonnen,grünem,wasserstoff,pro,jahr,möglich,wäre,fahrplan,kommission,sieht,grüner,wasserstoff,schon,2030,wesentlicher,bestandteil,integrierten,energiesystems,eu,elektrolyseure,gesamtleistung,mindestens,40,gw,geben,jährliche,wasserstoffproduktion,niveau,10,mio,tonnen,erreichen,folgenden,beiden,dekaden,erwartet,eu,technologien,gewinnung,grünen,wasserstoffs,ausgereift,großem,maßstab,einsatz,kommen,beschriebenen,entwicklung,zusätzlichen,schub,verleihen,kommission,—europäische,allianz,sauberen,wasserstoffﬁ,leben,gerufen,œ,gremium,vertretern,industrie,zivilgesellschaft,politik,euro,päischen,investitionsbank,allianz,rwe,angehört,u˛a,aufgabe,investitionen,ausbau,wasserstoffinfrastruktur,anzukurbeln,bundesregierung,verabschiedet,nationale,wasserstoffstrategie,bereits,juni,2020,œ,monat,eu,œ,bundesregierung,pläne,thema,wasserstoff,veröffentlicht,—nationalen,wasserstoffstrategieﬁ,bekräftigt,wasserstoff,technologien,kernelemente,energiewende,etablieren,regulatorischen,voraussetzungen,deren,markthochlauf,schaffen,geplant,aufbau,starken,heimatmarktes,deutschland,schwerpunkt,strategie,grüner,wasserstoff,verwendung,strom,erneuerbaren,energien,gewonnen,variante,sei,dauer,nachhaltig,heißt,strategiepapier,vorstellungen,bundesregierung,sollen,deutschland,2030,elektrolyseure,herstellung,grünem,wasserstoff,gesamtleistung,5,gw,geschaffen,œ,zuzüglich,dafür,benötigten,stromerzeugungsanlagen,wobei,offshorewindkraft,wichtige,rolle,beigemessen,spätestens,2040,elektrolyseleistung,10,gw,erreichen,hochlauf,wasserstofftechnologien,deutschland,fördermittel,7,mrd˛•,vorgesehen,weitere,2,mrd˛•,sollen,internationale,partnerschaften,bereitgestellt,1an,investoren,3versicherung,gesetzlichen,vertreter,4konzernabschluss,5weitere,informationen,352lagebericht,rahmenbedingungen,geschäfts,außerdem,bundesregierung,vorgenommen,strom,herstellung,grünem,wasserstoff,verwendet,hinblick,steuern,abgaben,umlagen,entlasten,zuge,reform,erneuerbareenergiengesetzes,eeg,folgenden,berichten,strom,bereits,eegumlage,umlage,kraft,wärme,kopplungsgesetz,kwkg,offshorenetzumlage,befreit,worden,bundesregierung,schafft,günstigere,förderkonditionen,erneuerbare,energien,dezember,2020,deutsche,bundestag,bundesrat,reform,erneuerbareenergiengesetzes,verabschiedet,1,januar,2021,kraft,getreten,gesetz,spätestens,2050,gesamte,strom,deutschland,treibhausgas,neutral,erzeugt,ziel,2030,erneuerbare,energien,65˛,strom,verbrauchs,decken,sicherzustellen,gesetzgeber,neue,ausbaupfade,festgelegt,photovoltaikleistung,2030,100,gw,windkraftkapazität,land,71,gw,steigen,entspräche,erhöhung,etwa,85˛,bzw,30˛,gesetz,enthält,vielzahl,regelungen,insbesondere,betrieb,solaranlagen,attraktiver,windkraftanlagen,bringt,novella,verbesse,rungen,beispielsweise,sollen,betreiber,neuer,anlage,standortgemeinden,strom,erlösen,beteiligen,lokale,wertschöpfung,akzeptanz,erhöhen,alte,windturbinen,20,jahren,förderung,fallen,erhalten,bestimmten,voraussetzungen,anschlussförderung,jahr,2022,bedarf,allerdings,beihilferechtlichen,genehmigung,eukommission,stromverbraucher,entlasten,begrenzt,gesetzgeber,eegumlage,2021,65,cent˛˛kwh,2022,60,cent˛˛kwh,fehlenden,mittel,steuert,bund,haushalt,oben,erwähnt,strom,produktion,grünem,wasser,stoff,eingesetzt,künftig,eegumlage,weiteren,umlagen,befreit,bereits,november,2020,bundestag,bundesrat,zwei,weitere,gesetze,beschlossen,ausbau,erneuerbaren,energien,voranbringen,sollen,wind,energieaufseegesetz,windseeg,investitionsbeschleunigungsgesetz,windseeg,sieht,erhöhung,ausbauziels,offshorewindkraft,jahr,2030,15,20,gw,jahr,2040,sollen,40,gw,erreicht,ausschrei,bungsmodell,bleibt,weitgehend,unverändert,deutschland,windkraftanlagen,prämien,gefördert,liegt,marktpreis,betreiber,strom,erhalten,referenzwert,gleicht,prämie,differenz,referenzwert,wett,bewerblichen,ausschreibungen,ermittelt,wobei,teilnehmer,niedrigsten,geboten,zuge,kommen,wichtige,neuerung,zulässigen,gebotswerte,höhere,obergrenzen,gelten,jahr,2021,sollen,73˛•˛˛mwh,liegen,beiden,folgejahren,64˛•˛˛mwh,bzw,62˛•˛˛mwh,anhebung,wären,nächsten,ausschreibungsrunde,maximal,gebote,höhe,niedrigsten,erfolgreichen,gebots,vorangegangenen,ausschreibung,2018,zulässig,0˛•,lag,außerdem,künftig,höhere,strafzahlungen,geben,entwickler,wind,kraftprojekten,spätestens,24,monate,termin,fertigstellung,netz,anschlusses,endgültige,investitionsentscheidung,treffen,sinkt,wahrschein,lichkeit,spekulativer,nullgebote,erwartung,positiver,marktentwicklungen,abgegeben,zeitgleich,windseeg,beschlossene,investitionsbeschleunigungsgesetz,zielt,darauf,ab,administrative,rechtliche,hemmnisse,beim,ausbau,infrastruktur,verringern,umfasst,änderungen,gerichtsverfahren,sowie,umweltrechtlichen,allgemeinen,verwaltungsverfahren,einschließlich,raumordnungsverfahrens,gesetz,widersprüche,anfechtungsklagen,dritten,zulassung,windenergieanlage,land,gesamthöhe,mehr,50,metern,aufschie,bende,wirkung,mehr,soda,projekte,umgesetzt,außerdem,gibt,juristischen,auseinandersetzungen,onshoreanlagen,größe,verkürzten,instanzenzug,gesetz,liegt,erstinstanzliche,zuständigkeit,oberverwaltungsgerichten,1an,investoren,3versicherung,gesetzlichen,vertreter,4konzernabschluss,5weitere,informationen,362lagebericht,rahmenbedingungen,geschäfts,britische,regierung,legt,energieweißbuch,klimaschutz,britische,regie,rung,dezember,2020,energieweißbuch,vorgelegt,konkretisiert,künftigen,klimaschutzkurs,landes,vorstellt,großbritannien,2050,treibhausgasneutral,papier,enthält,vielzahl,maßnahmen,dahin,ebnen,sollen,besondere,bedeutung,ausbau,offshorewind,kraft,beigemessen,2030,peilt,britische,regierung,erzeugungsleistung,40,gw,viermal,heute,außerdem,kapazitäten,klimafreundliche,wasserstoffgewinnung,5,gw,geben,stelle,europäischen,emissionshandelssystems,nationales,system,treten,erreichung,klimaschutzziels,2050,ausgerichtet,projekte,abscheidung,speicherung,nutzung,co,2,sollen,laufenden,dekade,insgesamt,1,mrd˛£,gefördert,polen,legt,förderrahmen,offshorewindkraft,fest,polnische,regierung,rechtlichen,rahmen,förderung,ostseewindparks,geschaffen,gesetz,januar,2021,parlament,verabschiedet,worden,polen,anteil,erneuer,baren,energien,stromerzeugung,2019,14˛,lag,2030,32˛,steigern,aktuell,gibt,windparks,polnischen,küste,bereits,2027,sollen,anlage,gesamtleistung,109,gw,entwicklung,betrieb,gesetz,sieht,startphase,zunächst,windparks,insgesamt,59,gw,gefördert,betreiber,anlage,erhalten,differenzverträge,erzeugungsmenge,100,tsd,volllaststunden,feste,vergütung,garantieren,wobei,förderdauer,maximal,25,jahre,beträgt,liegt,markt,erzielte,preis,garantierten,vergü,tung,zahlt,staat,differenz,liegt,darüber,müssen,betreiber,zahlungen,leisten,projekte,ersten,phase,förderhöhe,administrativ,festgesetzt,unterneh,men,ende,märz,2021,zeit,dafür,bewerben,startphase,entscheidet,auktionen,windparks,differenzverträgen,gefördert,jahren,2025,2027,ausschreibungen,jeweils,25,gw,geben,rwe,entwickelt,derzeit,polen,offshoreprojekt,few,baltic,ii,rahmen,vorhabens,sandbank,s˙upsk,windpark,erzeugungsleis,tung,350,mw,entstehen,few,baltic,ii,erfüllt,voraussetzungen,ersten,phase,offshorewindkraftförderung,teilzunehmen,usregierung,verbessert,förderkonditionen,erneuerbare,energien,usa,politik,steuerliche,förderung,investitionen,erneuerbareenergienanlagen,ausgebaut,außerdem,wurden,fristen,förderansprüche,verlängert,investoren,finanziellen,einbußen,coronabedingte,bauverzögerungen,schützen,erneuerbare,energienprojekte,vereinigten,staaten,zwei,arten,gefördert,production,tax,credit,ptcs,investment,tax,credit,itcs,ptcs,steuergutschrift,je,erzeugte,einheit,strom,gewährt,zeitraum,zehn,jahren,itcs,richtet,steuergutschrift,höhe,investition,onshorewindkraftanlagen,rwe,typischerweise,ptcs,gefördert,projekten,2016˛˛2017,gestartet,wurden,hätten,windparks,eigentlich,2020˛˛2021,œ,vier,jahre,später,œ,fertiggestellt,müssen,volle,förderung,erhalten,wegen,coronapandemie,usregierung,frist,jahr,verlängert,davon,profitiert,rwe,coronabedingte,verzögerungen,fertigstellung,windparks,gab,usregie,rung,darüber,hinaus,beschlossen,itcförderung,solarinvestitionen,verlän,gern,neuanlagen,deren,bau,2021,2022,begonnen,erhalten,steuergut,schrift,höhe,26˛,investitionssumme,baustart,jahr,2023,22˛,offshorewindkraftprojekte,gibt,günstigere,förderkonditionen,projekte,2026,bauphase,eintreten,itcs,höhe,30˛,investitionssumme,gewährt,bundestag,bundesrat,beschließen,rechtsrahmen,deutschen,kohleausstieg,3,juli,2020,deutsche,bundestag,bundesrat,—gesetz,reduzierung,beendigung,kohleverstromung,änderung,weiterer,gesetzeﬁ,kohle,ausstiegsgesetz,verabschiedet,gesetz,basiert,empfehlungen,regierungs,kommission,—wachstum,strukturwandel,beschäftigungﬁ,januar,2019,sieht,einsatz,kohle,stromerzeugung,deutschland,2038,schrittweise,null,reduziert,daneben,enthält,gesetz,u˛a,regelungen,kontinuierlichen,überprüfung,versorgungssicherheit,einführung,anpassungsgeldes,ältere,beschäftigte,kohlesektor,sowie,ermächtigungsklausel,bund,ermöglicht,stromverbraucher,finanziell,entlasten,fall,kohleausstieg,strompreisanstieg,führt,außerdem,gesetzgeber,förderung,kraftwärme,kopplung,verlängert,weiterentwickelt,ziel,dabei,umrüstung,kohlekraft,werken,klimafreundlichere,stromerzeugung,voranzutreiben,1an,investoren,3versicherung,gesetzlichen,vertreter,4konzernabschluss,5weitere,informationen,372lagebericht,rahmenbedingungen,geschäfts,braunkohlekraftwerke,gibt,anlagenscharfen,gesetzlichen,abschaltfahr,plan,anfänglichen,kapazitätsreduktionen,größtenteils,rwe,erbringen,bereits,ende,2020,rheinischen,revier,niederaußem,d,ersten,300mwblock,stillgelegt,laufenden,jahr,drei,weitere,300mwanlagen,netz,gehen,2022,300mwblock,zwei,600mwblöcke,betroffen,standorte,neurath,niederaußem,sowie,geringem,maße,weisweiler,jahr,2022,beenden,brikettproduktion,frechen,betrieb,120,mw,stromerzeugungskapazität,folgezeit,zunächst,verbliebenen,blöcke,kraftwerks,weisweiler,schließen,300,mw,2025,zwei,jeweils,600,mw,2028,bzw,2029,tagebau,inden,kohle,ausschließlich,weisweiler,eingesetzt,läuft,beiden,letzten,600mwanlagen,ende,2029,abschalten,wobei,davon,vier,jahre,absicherung,stromversor,gung,verfügung,stehen,ab,2030,drei,modernsten,braun,kohleblöcke,1000mwklasse,markt,stilllegungen,erhebliche,konsequenzen,tagebaue,mehr,hälfte,braunkohlevorräte,deren,abbau,genehmigt,wurde,mehr,fördern,hambacher,forst,bleibt,erhalten,drei,tagebauen,rheinischen,revier,œ,inden,hambach,garzweiler,œ,steht,ab,2030,letztgenannte,verfügung,verbleibenden,erzeugungsanlagen,braunkohle,versorgen,entsprechend,wurde,kohleausstiegsgesetz,klausel,aufgenommen,energie,wirtschaft,liche,notwendigkeit,tagebaus,garzweiler,ii,feststellt,braunkohleausstieg,hohen,finanziellen,belastungen,verbunden,gesetz,erhalten,dafür,entschädigung,26,mrd˛•,15,jahre,gleichen,teilbeträgen,geleistet,tatsächlicher,schaden,jedoch,deutlich,höher,ausgleichsanspruch,gegenüber,bund,großteil,unserer,erwarteten,belas,tungen,bereits,konzernabschluss,2019,berücksichtigt,worden,siehe,geschäfts,bericht,2019,seite,43,neben,rwe,sollen,stellenabbau,betroffenen,beschäftigten,staatliche,kompensationen,erhalten,kohleausstiegsgesetz,sieht,u˛a,regelungen,anpassungsgeld,ausgleich,entstehender,nachteile,gesetzlichen,rente,leistungen,bund,übernommen,tarifvertrag,—kohleausstiegﬁ,august,2020,vereinten,dienstleistungsgewerk,schaft,verdi,industriegewerkschaft,bergbau,chemie,energie,ig,bce,geeinigt,zudem,geregelt,leistungen,rwe,staatlichen,maßnahmen,hinaus,erbringen,flankiert,braunkohleausstieg,öffentlichrechtlichen,vertrag,bund,braunkohleförderunternehmen,vertrag,enthält,vielzahl,regelungen,insbesondere,umsetzung,stilllegungen,entschädigungen,betreffen,unternehmen,vertrauensschutz,gewährt,u˛a,verpflichten,weiteren,forderungen,zusammenhang,braun,kohleausstieg,geltend,billigung,bundestag,vertrag,anfang,2021,unterzeichnet,worden,allerdings,bedürfen,kompensationen,beihilferechtlichen,genehmigung,eu,ungeachtet,rwe,umsetzung,gesetzlichen,ausstiegsfahrplans,begonnen,ausstieg,steinkohle,neuen,gesetz,detailliert,geregelt,wann,einzelnen,kraftwerke,netz,gehen,hoch,kompensationen,betreiber,auktionen,entschieden,gesetz,sieht,jährliche,ausschreibungen,zeit,raum,2020,2027,gebote,betreiber,müssen,bestimmte,obergrenzen,einhalten,jahre,165,89,tsd˛•˛˛mw,gesenkt,2027,ordnungsrechtliche,abschaltungen,entschädigungen,geben,sofern,ausschreibun,gen,gewünschten,umfang,kraftwerksschließungen,führen,sollen,kraft,werksbetreiber,bereits,ab,2024,angewiesen,anlage,abzuschalten,kompensationen,gewährt,schon,ersten,auktion,zweiten,jahreshälfte,2020,stattfand,rwe,beteiligt,beiden,letzten,deut,schen,steinkohlekraftwerke,ibbenbüren,b,794,mw,westfalen,e,764,mw,erhielten,dabei,zuschlag,anlage,wurden,ende,2020,abgeschaltet,siehe,seite,44,bund,kohleregionen,40,mrd˜•,unterstützen,ebenfalls,3,juli,deutsche,bundestag,bundesrat,—strukturstärkungsgesetz,kohleregionenﬁ,beschlossen,danach,bund,braunkohlerevieren,2038,finanzhilfen,14,mrd˛•,besonders,bedeutsame,investitionen,gewähren,rheinische,revier,tätig,davon,37˛,erhalten,43˛,lausitzer,20˛,mitteldeutsche,revier,bestimmt,mittel,ländern,beispielsweise,1an,investoren,3versicherung,gesetzlichen,vertreter,4konzernabschluss,5weitere,informationen,382lagebericht,rahmenbedingungen,geschäfts,investitionen,wirtschaftsnahe,infrastruktur,öffentlichen,nahverkehr,verwendet,ergänzend,bund,regionen,eigene,maßnahmen,unterstützen,dafür,26,mrd˛•,eingeplant,mittel,sollen,u˛a,ausbau,schienen,straßenverkehrs,sowie,ansiedlung,forschungseinrichtungen,eingesetzt,bundesregierung,entschädigungen,atomausstieg,neu,regeln,bundesverfassungsgericht,bverfg,september,2020,entschieden,2018,erlassenen,regelungen,entschädigung,deutschen,kernenergieausstieg,kraft,getreten,bverfg,gab,beschwerde,vattenfall,statt,stand,verfahrens,16,novella,deutschen,atomgesetzes,atg,darin,wurde,konkretisiert,versorger,rwe,vattenfall,eon,enbw,bestimmte,finanzielle,nachteile,beschleunigten,kernenergieausstieg,entschädigt,sollten,ausstieg,2011,reaktorkatastrophe,fukushima,gesetzlich,verankert,worden,dabei,handelte,bereits,zweite,ausstiegsgesetz,2000,jahr,2010,bund,laufzeiten,kernkraftwerke,verlängert,reaktorkatastrophe,machte,verlängerung,rückgängig,verschärfte,ausstiegs,konditionen,sogar,dezember,2016,urteilte,bverfg,kraftwerksbetreiber,bestimmte,einbußen,zweiten,atomausstieg,entschädigt,müssen,gab,bund,mitte,2018,entsprechende,gesetzliche,regelungen,treffen,ausgleichsansprüche,bestünden,erzeugungskontingente,beim,ersten,atomausstieg,jahr,2000,festgelegt,wurden,jedoch,wegen,2011,eingeführten,abschalttermine,mehr,genutzt,wertlos,geworde,ne,investitionen,kraftwerksbetreiber,vertrauen,gesetzliche,laufzeitver,längerung,2010,getätigt,16,atgnovelle,2018,bund,vorgaben,umsetzen,laut,jüngsten,bverfgentscheidung,novella,jedoch,wegen,formaler,fehler,nie,kraft,getreten,zudem,stellt,bverfg,verfassungswidrig,keit,einzelner,regelungen,fest,ausgleich,nutzbare,erzeugungskontingente,betreffen,nachteilig,betroffenen,unternehmen,auswirken,höchstrichterlichen,entscheidung,gesetzgeber,pflicht,entschädi,gungsregelungen,überarbeiten,anfang,2021,bundesregierung,gespräche,kernkraftwerksbetreibern,aufgenommen,siehe,seite,46,marktbedingungen,rückgang,wirtschaftsleistung,rwekernmärkten,vorläufigen,schät,zungen,globale,wirtschaftsleistung,2020,4˛,niedriger,vorjahr,wegen,coronapandemie,dadurch,veranlassten,lockdownmaßnahmen,vielen,ländern,massive,einbußen,beim,bruttoinlandsprodukt,bip,gegeben,konjunktur,experten,veranschlagen,eurozone,biprückgang,etwa,7˛,deutschland,niederlanden,wichtigsten,märkten,innerhalb,währungsraums,wirtschaftsleistung,ganz,stark,verringert,schätzungen,liegen,œ˛5˛,bzw,œ˛4˛,ähnlich,hohen,rückgang,dürfte,usa,gegeben,wesentlich,härter,pandemie,großbritannien,getroffen,aktueller,datenlage,bip,etwa,10˛,eingebrochen,deutscher,stromverbrauch,laut,schätzungen,4˜,gesunken,wirtschaftsleis,tung,energiebedarf,verringert,angaben,bundesverbands,energie,wasserwirtschaft,bdew,deutsche,stromverbrauch,abgelaufenen,geschäftsjahr,etwa,4˛,niedriger,2019,rwekernmärkten,rückgänge,verzeichnen,experten,beziffern,niederlande,2˛,großbritannien,6˛,usa,3˛,ausschlaggebend,entwicklung,coronabedingte,einschränkungen,industrieproduktion,geringem,umfang,machte,milde,witterung,bemerkbar,weniger,strom,heizen,benötigt,wurde,bessere,windverhältnisse,nord,mitteleuropa,auslastung,profitabilität,erneuerbareenergienanlagen,unterliegen,hohem,maße,wettereinflüssen,zentrale,rolle,spielt,windaufkommen,2020,produktionsstandor,ten,nordeuropa,großbritannien,niederlanden,zumeist,höher,langjährigen,durchschnitt,vielfach,höher,2019,gegenläufige,entwicklung,süden,europa,usa,beobachten,deutschland,polen,weiten,teilen,usa,herrschten,überwiegend,normale,windverhältnisse,nennenswerte,veränderungen,gegenüber,2019,eher,ausnahme,1an,investoren,3versicherung,gesetzlichen,vertreter,4konzernabschluss,5weitere,informationen,392lagebericht,rahmenbedingungen,geschäfts,witterungsbedingter,einbruch,erdgasspotpreise,konventionellen,kraftwerken,hängen,einsatzzeiten,margen,stark,davon,ab,kosten,brennstoffe,emissionsrechte,entwickeln,erdgas,wichtigster,frei,handelbarer,energieträger,zeichnete,berichtsjahr,extrem,niedriges,preisniveau,niederländi,schen,handelspunkt,ttf,title,transfer,facility,kontinentaleuropäischen,leitmarkt,sanken,spotnotierungen,ersten,jahreshälfte,3˛•˛˛mwh,konnten,stark,zulegen,durchschnittswert,2020,betrug,9˛•˛˛mwh,lagen,insgesamt,deutlich,vorjahresniveau,14˛•˛˛mwh,rolle,spielte,dabei,milde,winter,2019˛˛2020,heizgasnachfrage,dämpfte,speicherfüllstände,jahresbeginn,entsprechend,hoch,später,beeinflusste,coronabedingt,rückläufige,gaseinsatz,industrie,gewerbe,preisentwicklung,terminhandel,gaben,notierungen,ttfforward,2021,kostete,berichtsjahr,durchschnittlich,13˛•˛˛mwh,vergleich,2019,forward,2020,18˛•˛˛mwh,gehandelt,worden,durchschnittliche,auslastung,rwewindparks,jahr,2020,onshore,offshore,in˛deutschland2040großbritannien,3442niederlande,30œpolen,29œspanien,23œitalien,21œschweden3356usa,33œrückläufige,nachfrage,dämpft,steinkohlepreise,kraftwerkssteinkohle,kesselkohle,erheblich,verbilligt,lieferungen,sogenannten,arahäfen,ara,amsterdam,rotterdam,antwerpen,wurden,2020,spotmarkt,inklusive,fracht,versicherung,durchschnittlich,50˛us˛˛tonne,45˛•,abgerechnet,gegenüber,61˛us˛˛tonne,vorjahr,rückgang,nachfrageseitig,erklären,kohlekraftwerke,europa,zuletzt,schwach,ausgelastet,dabei,machte,u˛a,ungewöhnlich,niedrige,gaspreisniveau,bemerkbar,wettbewerbsfähigkeit,energieträgers,gas,gegenüber,kohle,verbesserte,coronabedingte,rückgang,energiebedarfs,minderte,steinkohlenachfrage,viele,marktteilnehmer,gehen,davon,marktumfeld,kohlekraftwerke,schwierig,bleiben,zuletzt,wegen,relativ,hohen,co,2emissionen,anlage,verbundenen,kostennachteile,einschätzung,spiegelte,entwicklung,steinkohleterminpreise,wider,berichtsjahr,notierte,forward,2021,index,api,2,durchschnittlich,58˛us˛˛tonne,51˛•,12˛us,weniger,2019,forward,2020,bezahlt,wurde,trotz,coronakrise,preise,co,2emissionsrechte,erreichen,rekordniveau,wichtiger,kostenfaktor,fossil,befeuerte,kraftwerke,beschaffung,co,2emis,sionsrechten,european,union,allowance,eua,ausstoß,tonne,co,2,berechtigt,wurde,2020,durchschnittlich,25˛•,gehandelt,vergleichswert,2019,ebenfalls,25˛•,gelegen,preisangaben,beziehen,terminkontrakte,dezember,jeweiligen,folgejahres,fällig,wegen,coronakrise,gab,zertifikatpreis,zwischenzeitlich,stark,märz,2020,sank,16˛•,rückläufige,industrieproduktion,dämpfte,preisniveau,verringerte,co,2ausstoß,bedarf,emissionsrechten,weiteren,jahresverlauf,stiegen,notierungen,erreichten,dezember,33˛•,vorläufige,rekordmarke,dabei,kam,abzeichnende,wirtschaftliche,erholung,tragen,rolle,spielte,euinitiative,anhebung,klimaschutzziels,2030,erreichen,eu,anzahl,markt,gegebenen,emissionsrechte,deutlich,senken,viele,teilnehmer,emissionshandel,gehen,deshalb,davon,euas,trotz,fortgesetzter,co,2einsparungen,wirtschaft,zukunft,knapper,1an,investoren,3versicherung,gesetzlichen,vertreter,4konzernabschluss,5weitere,informationen,402lagebericht,rahmenbedingungen,geschäfts,deutschland,niederlande,großbritannien,quelle,rwe,supply˛˛trading,807060504030terminkontrakt,2019,terminkontrakt,2020,terminkontrakt,2021,201820192020einjahresterminpreise,grundlaststrom,großhandelsmarkt,in˛•˛˛mwh,wochendurchschnittswerte,deutlicher,preisrückgang,stromgroßhandel,preisverfall,brennstoffen,steinkohle,erdgas,bestimmte,vergangenen,jahr,entwicklung,stromgroß,handelsmärkten,weiterer,einflussfaktor,rückläufige,energiebedarf,infolge,coronakrise,grundlaststrom,wurde,2020,deutschen,spotmarkt,durchschnittlich,30˛•˛˛mwh,gehandelt,gegenüber,38˛•˛˛mwh,vorjahr,großbritannien,notierungen,43,35˛£˛˛mwh,40˛•,niederlanden,41,32˛•˛˛mwh,gesunken,terminmärkten,strompreise,höher,spot,handel,gegenüber,2019,deutlicher,rückgang,verzeichnen,deutsche,grundlastforward,2021,kostete,durchschnittlich,40˛•˛˛mwh,vergleichbare,vorjahres,wert,48˛•,gelegen,großbritannien,verbilligte,einjahres,forward,52,44˛£˛˛mwh,49˛•,niederlanden,50,40˛•˛˛mwh,stromterminverkäufe,2020,höhere,margen,vorjahr,kurzfristige,absatz,preisrisiken,begrenzen,verkaufen,erzeugung,unserer,kraftwerke,größtenteils,termin,sichern,benötigten,brennstoffe,emissionsrechte,preis,lich,ab,stromerlöse,berichtszeitraum,somit,erheblichem,maße,konditionen,bestimmt,denen,terminkontrakte,2020,vorangegangenen,jahren,abgeschlossen,braunkohle,kernkraftwerke,überwiegend,grundlast,abdecken,bereits,relativ,früh,terminverkäufen,begonnen,dabei,konnten,2020,durchschnitt,höhere,preise,margen,erzielen,2019,strom,steinkohle,gas,geringerem,zeitlichen,vorlauf,verkauft,realisierten,preise,gestiegen,allerdings,gab,größere,läufige,effekte,dadurch,co,2emissionsrechte,2020,stark,verteuert,terminmarkt,realisierten,deckungsbeiträge,unserer,gaskraftwerke,insgesamt,höher,2019,verharrten,unserer,steinkohlekraftwerke,niedrigem,niveau,1an,investoren,3versicherung,gesetzlichen,vertreter,4konzernabschluss,5weitere,informationen,412lagebericht,rahmenbedingungen,geschäfts,24,wesentliche,ereignisse,vergangenen,jahr,weitere,meilensteine,erreicht,mitte,2020,konnten,tauschgeschäft,eon,abschließen,führenden,erneuerbare,energienunternehmen,geworden,große,fortschritte,machten,beim,ausbau,unserer,windkraft,solarkapazitäten,schneller,voranzukommen,eigenkapital,erhöht,europäische,entwicklungs,geschäft,nordex,erworben,außerdem,deutschen,britischen,steinkohleverstromung,ausgestiegen,gezeigt,klima,schutzmaßnahmen,weit,gesetzlich,gebotene,maß,hinausgehen,folgenden,stellen,wesentliche,ereignisse,dar,2020,anfang,2021,eingetreten,dabei,konzentrieren,vorgänge,bereits,stelle,lagebericht,ausführlich,erläutert,ereignisse,berichtsjahr,tauschgeschäft,eon,finalisiert,rwe,eigen,tümer,erneuerbareenergien,geschäfts,innogy,ende,juni,tauschgeschäft,eon,größten,transaktionen,deutschen,industriegeschichte,erfolgreich,abgeschlossen,tausch,anfang,2018,vereinbart,worden,erfüllung,rechtlichen,vorausset,zungen,konnte,zwei,schritten,vollzogen,zunächst,trennten,768˛anteil,innogy,erhielten,dafür,erneuerbareenergiengeschäft,eon,1667˛beteiligung,eon,minderheitsanteile,eontochter,preussen,elektra,kernkraftwerken,gundremmingen,25˛,emsland,125˛,transfer,fanden,kurz,freigabe,tauschgeschäfts,eukommission,september,2019,statt,zweiten,schritt,ablauf,30,juni,2020,wirksam,wurde,gab,eon,teile,innogyportfolios,zurück,dabei,handelt,erneuerbare,energiengeschäft,deutschen,tschechischen,gasspeicher,sowie,379˛betei,ligung,österreichischen,energieversorger,kelag,aktivitäten,schon,rücktransfer,konzernzahlen,erfasst,aufgrund,tauschverein,barung,wirtschaftlich,zuzurechnen,gehören,rechtlich,rwe,rahmen,tauschgeschäfts,49˛anteil,slowakischen,energiever,sorger,vse,eon,übertragen,beteiligung,2019,innogy,übernommen,gesondert,gleichen,konditionen,eon,weiterzugeben,setzte,allerdings,zustimmung,slowakischen,regierung,voraus,gab,mitte,2020,grünes,licht,soda,transaktion,august,abgeschlossen,konnte,preis,vse,anteil,bereits,2019,abwicklung,zahlungsansprüche,tauschgeschäft,eon,berücksichtigt,worden,dezember,2020,wurde,vertraglich,vereinbart,eon,20˛anteil,britischen,offshorewindpark,rampion,erhalten,umsetzung,tauschge,schäfts,zunächst,unberücksichtigt,geblieben,dadurch,künftig,501˛,mehrheitseigentümer,400mwwindparks,september,2019,eon,bereits,301˛anteil,rampion,überlassen,rechnen,erwerb,2021,abschließen,windpark,rampion,befindet,küste,sussex,seit,2018,kommerziellen,betrieb,eigenkapital,2,mrd˜•,erhöht,rwe,schafft,zusätzlichen,finanziellen,spielraum,erneuerbare,energien,projekte,18˛˛19,august,615,mio,neue,rwe,aktien,institutionelle,investoren,ausgegeben,grundkapital,rwe,ag,10˛,erhöht,titel,wege,beschleunigten,zuteilungsverfahrens,accelerated,bookbuilding,ausschluss,bezugsrechts,platziert,worden,ausgabekurs,3255˛•,je,aktie,erzielten,brutto,emissionserlös,rund,2,mrd˛•,einnahmen,ausbau,erneuer,baren,energien,beschleunigen,kapitalerhöhung,zahl,rweaktien,6762,mio,gestiegen,neuen,titel,verbriefen,gleichen,rechte,alten,trotz,größeren,aktienzahl,hält,vorstand,rwe,ag,dividendenziel,fest,gemeinsam,aufsichtsrat,hauptversammlung,28,april,2021,gewinnausschüttung,zurückliegende,geschäftsjahr,höhe,085˛•,je,aktie,vorschlagen,1an,investoren,2lagebericht,wesentliche,ereignisse,3versicherung,gesetzlichen,vertreter,4konzernabschluss,5weitere,informationen,42,rwe,erwirbt,europäische,windkraft,solarprojekte,nordex,november,rwe,396,mio˛•,europäische,projektentwicklungsgeschäft,windkraftanlagen,herstellers,nordex,gekauft,übernahmen,projektpipeline,neue,onshore,windparks,solaranlagen,gesamtleistung,27,gw,davon,entfallen,19,gw,frankreich,hinzu,kommen,vorhaben,spanien,schweden,polen,vier,projekte,pipeline,denen,76,mw,erzeugungsleistung,geschaffen,sollen,wurde,ende,2020,finale,investitionsentscheidung,getroffen,nordextransaktion,mehr,70,beschäftigte,hinzugewonnen,überwiegend,frankreich,ansässig,künftig,weitere,projekte,rwe,entwickeln,sollen,rwe,schließt,pachtverträge,erweiterung,vier,britischen,offshorewindparks,gemeinsam,projektpartnern,weichen,erweiterung,vier,offshorewindparks,küste,großbritanniens,gestellt,crown,estate,verwaltung,königlichen,besitztümer,zuständigen,behörde,konnten,pachtverträge,schließen,erlauben,flächen,nachbarschaft,windparks,gwynt,y,môr,576,mw,greater,gabbard,504,mw,galloper,353,mw,rampion,400,mw,nutzen,dadurch,lassen,bestehenden,kapazitäten,verdoppeln,obergrenze,inklusive,bislang,ungenutzten,ausbauoption,beim,windpark,rampion,dadurch,zusätzliche,26,gw,erzeugungsleistung,entstehen,gemessen,beteiligungsquoten,entfällt,davon,hälfte,rwe,projekte,sollen,zügig,entwickelt,genehmigungsverfahren,veranschlagen,drei,fünf,jahre,danach,auktionen,staatliche,förderverträge,teilnehmen,œ,sofern,zuschlag,erhal,ten,œ,finalen,investitionsentscheidungen,treffen,ende,jahrzehnts,könnten,neuen,windkraftanlagen,kommerziellen,betrieb,aufnehmen,startschuss,bau,nordseewindparks,kaskasi,märz,2020,rwe,finale,investitionsentscheidung,bau,deutschen,nordseewindparks,kaskasi,getroffen,kaskasi,35,kilometer,nördlich,insel,helgoland,entstehen,38,turbinen,gemeinsam,leistung,342,mw,verfügen,rechnerisch,ca,400,tsd,haus,halte,strom,versorgen,baumaßnahmen,see,sollen,2021,beginnen,aktueller,planung,kaskasi,bereits,2022,vollen,kapazität,netz,installation,fundamente,18,25,meter,wassertiefe,neuartiges,vibrationsverfahren,anwendung,kommen,geräuschbelastung,meeres,fauna,verringert,verkürzung,konstruktionszeit,ermöglicht,vorteile,bietet,günstige,lage,kaskasi,bestehenden,rwewindparks,nordsee,ost,amrumbank,dadurch,lassen,synergien,beim,betrieb,instandhaltung,nutzen,uswindparks,700,mw,nettoleistung,nehmen,kommerziellen,betrieb,abgelaufenen,geschäftsjahr,usa,vier,große,onshorewindparks,gesamtleistung,719,mw,kommerziell,betrieb,genommen,zunächst,ging,peyton,creek,151,mw,an,netz,texanische,windpark,konnte,zeitverzug,märz,fertiggestellt,obwohl,bauarbeiten,tropensturm,imelda,beeinträchtigt,haibes,jahr,später,september,2020,nahm,cranell,220,mw,œ,ebenfalls,texas,œ,kommerziellen,betrieb,gab,leichte,verzögerungen,infolge,coronakrise,trotz,pandemie,konnten,boiling,spring,148,mw,oklahoma,raymond,east,200,mw,texas,jahresende,fertigstellen,windparks,scioto,ridge,250,mw,ohio,cassadaga,126,mw,bundesstaat,new,york,raymond,west,240,mw,texas,projektabschluss,dagegen,jahr,2021,verschoben,rwe,verkauft,anteile,nordseewindpark,humber,gateway,vier,windparks,texas,finanzkraft,stärken,erzeugungsportfolio,besser,auszuba,lancieren,anteile,windparks,großbritannien,usa,verkauft,dezember,übernahm,britische,investor,greencoat,49˛beteiligung,nordseewindpark,humber,gateway,219,mw,küste,east,yorkshire,humber,gateway,seit,2015,offiziell,netz,bleiben,mehrheitseigentümer,51˛,betreiber,windparks,ebenfalls,dezember,verkauf,anteilen,texanischen,onshorewindparks,stella,201,mw,cranell,220,mw,raymond,east,200,mw,raymond,west,240,mw,vereinbart,erwerber,tochter,kanadi,schen,energieversorgers,algonquin,power˛˛utilities,greencoat,beiden,gesellschaf,ten,übernehmen,51˛,bzw,24˛,windparks,ausnahme,raymondwest,transaktion,anteilverkäufe,bereits,anfang,2021,abgeschlossen,worden,uswindparks,künftig,25˛,gehören,mehr,vollkonsolidie,ren,equitybeteiligungen,ausweisen,betreiber,anlage,weiterhin,rwe,1an,investoren,2lagebericht,wesentliche,ereignisse,3versicherung,gesetzlichen,vertreter,4konzernabschluss,5weitere,informationen,43,rwe,veräußert,kleine,wasserkraftwerke,kelag,österreichische,energieversorger,kelag,erzeugungsportfolio,19,kleinen,wasserkraftwerken,frankreich,portugal,übernehmen,dezember,2020,vereinbart,worden,portfolio,kapazität,65,mw,darin,enthalten,windturbinen,zusam,men,3,mw,kommen,zahlen,handelt,prorataangaben,d˛h,geben,leistung,gemäß,beteiligungsquoten,verkauf,laufenden,jahr,abgeschlossen,kelag,führender,produzent,strom,wasserkraft,rwe,379˛,gesellschaft,beteiligt,hochmodernes,gaskraftwerk,osten,england,erworben,großbritannien,position,führenden,gasverstromer,gefestigt,februar,2020,erwar,ben,britischen,energieversorger,centrica,umgerechnet,113,mio˛•,gas,kraftwerk,king™s,lynn,norfolk,ostengland,anlage,verfügt,nettoleistung,382,mw,zeichnet,hohen,wirkungsgrad,57˛,fahr,weise,flexibel,strombedarf,angepasst,kapazitätsmarktvertrag,sichert,king™s,lynn,fixe,prämienzahlungen,zeitraum,oktober,2020,septem,ber,2035,erst,kurzem,kraftwerk,umfassend,modernisiert,dabei,neuen,gasturbine,ausgestattet,worden,grünes,licht,bau,netzstabilisierungsanlage,standort,biblis,deutschland,neues,gaskraftwerk,rwe,geben,ausschreibung,übertragungsnetzbetreibers,amprion,zuschlag,bau,betrieb,sogenannten,netzstabilisierungsanlage,erhalten,kraftwerk,standort,biblis,kapazität,300,mw,verfügen,spätestens,oktober,2022,betrieb,aufnehmen,freien,strommarkt,verfügung,stehen,ausschließlich,anforderung,netzbetreibers,einsatz,einziger,zweck,besteht,darin,stabilität,stromnetzfrequenz,sicherheit,energie,versorgung,beizutragen,rwe,beendet,steinkohleverstromung,deutschland,frühzeitigen,ausstieg,deutschen,steinkohleverstromung,großen,schritt,verbesserung,unserer,co,2bilanz,unternommen,weichen,dafür,wurden,zweiten,halbjahr,2020,gestellt,ersten,bundesweiten,stilllegungsauktion,steinkohlekraftwerke,erhielten,zuschlag,block,b,794,mw,ibbenbüren,block,e,764,mw,standort,westfalen,hamm,dürfen,seit,1,januar,2021,strom,mehr,beiden,letzten,deutschen,steinkohleanlagen,vermarkten,ausschreibungsverfahren,konnten,dafür,kompensation,216,mio˛•,sichern,sobald,zuständigen,übertragungsnetzbetreiber,bestätigen,blöcke,wahrung,netzstabilität,erforderlich,stilllegen,inklusive,ende,2020,abgeschalteten,braun,kohleblocks,niederaußem,d,297,mw,nehmen,gleich,beginn,deutschen,kohleausstiegs,19,gw,kraftwerksleistung,netz,tarifvertragliche,regelungen,sichergestellt,stilllegungen,sozialverträglich,gestaltet,steinkohleauktion,staatliche,beihilfen,stilllegung,4,gw,kraftwerks,leistung,ausgeschrieben,worden,teilnehmer,gebote,1,september,2020,einzureichen,wer,geringste,ausgleichszahlung,je,vermiedener,tonne,co,2,verlangte,erhielt,zuschlag,ausschreibung,deutlich,überzeichnet,elf,anlage,kapazität,sogar,48,gw,kamen,zuge,bieterverfahren,auftakt,reihe,weiterer,steinkohleauktionen,denen,bundesnetzagentur,gesetzlichen,kohleausstieg,umsetzt,bereits,ersten,runde,beiden,deutschen,steinkohlekraftwerken,erfolgreich,müssen,weiteren,auktionen,mehr,teilnehmen,steinkohlekraftwerk,aberthaw,b,wale,stellt,betrieb,großbritannien,produzieren,strom,steinkohle,mehr,letzte,anlage,energieträger,eingesetzt,aberthaw,b,wale,ende,märz,2020,offiziell,stillgelegt,worden,kraftwerk,bestand,drei,blöcken,gesamtleistung,1560,mw,ende,september,2021,bestehenden,verpflichtungen,rahmen,britischen,kapazitätsmarktes,wurden,anlage,dritter,einheiten,rwekraftwerksflotte,übertragen,aberthaw,b,1971,betrieb,gegangen,somit,fast,halbes,jahrhundert,sicheren,energieversorgung,groß,britannien,beigetragen,1an,investoren,2lagebericht,wesentliche,ereignisse,3versicherung,gesetzlichen,vertreter,4konzernabschluss,5weitere,informationen,44,rwe,auktionen,britischen,kapazitätsmarkt,erfolgreich,ersten,quartal,2020,fanden,drei,auktionen,britischen,kapazitätsmarkt,statt,deren,ergebnisse,teil,erhebliche,auswirkungen,erträge,unserer,kraftwerke,erste,bieterverfahren,ende,januar,bezog,zeitraum,1,oktober,2022,30,september,2023,dabei,kamen,rwekraftwerke,gesicherten,leistung,insgesamt,65,gw,zuge,genannten,zeitraum,vergütung,dafür,erhalten,netz,stromversorgung,beitragen,bieter,verfahren,ermittelte,kapazitätsprämie,644˛£˛˛kw,zzgl,inflationsausgleich,allerdings,wesentlich,niedriger,vergleichbaren,auktionen,vorjahren,anfang,februar,zweite,versteigerung,durchgeführt,worden,bezog,zeitraum,1,oktober,2020,30,september,2021,periode,bereits,dezember,2016,bieterverfahren,gegeben,rweanlagen,insgesamt,80,gw,inkl,aberthaw,prämie,2250˛£˛˛kw,qualifizieren,konnten,neuerliche,auktion,diente,verbliebene,kapazitätslücken,schließen,rwe,deshalb,kleinanlage,verfahren,beteiligt,zuge,kam,dritten,auktion,anfang,märz,zeitraum,1,oktober,2023,30,september,2024,betraf,konnten,erneut,65,gw,kraftwerksleistung,rwe,kapazitätszahlung,qualifizieren,anlage,prämie,1597˛£˛˛kw,zzgl,inflationsausgleich,erhalten,seit,2014,gibt,großbritannien,kapazitätsauktionen,regierung,sicher,stellen,nationalen,strommarkt,genügend,erzeugungsleistung,verfügung,steht,november,2018,britische,kapazitätsmarkt,etwa,jahr,gesetzt,beihilferechtliche,genehmigung,eukommission,gericht,europäischen,union,unwirksam,erklärt,worden,erneuten,freigabe,brüssel,oktober,2019,konnten,kapazitätsvergütungen,genommen,verschobene,auktionen,nachgeholt,januar,2020,zurückbehaltene,prämien,rund,50,mio˛•,2018,rund,180,mio˛•,2019,nachträglich,ausbezahlt,worden,ergebniswirksam,erfasst,mittelzuflüsse,bereits,geschäftsjahr,2019,holzpelletproduzent,georgia,biomass,enviva,partner,verkauft,ende,juli,georgia,biomass,holding,usunternehmen,enviva,partner,veräußert,preis,175,mio˛us,vereinbart,worden,georgia,biomass,betreibt,waycross,usbundes,staat,georgia,großanlage,herstellung,holzpellets,industrielle,nutzung,jahresproduktion,zuletzt,800000,tonnen,gelegen,georgia,biomass,getrennt,ergab,strategischen,neuausrichtung,herstellung,holzpellets,zählen,mehr,zentralen,geschäftsaktivitä,ten,erwerber,enviva,partner,sitz,bethesda,maryland,gehört,größten,produzenten,brennstoffs,weltweit,biomasseverstromung,eemshaven,brandunfall,sechs,monate,unterbrochen,wegen,brandschadens,konnten,niederländischen,kraftwerk,eemshaven,mitte,mai,mitte,november,2020,biomasse,verstromen,beiden,blöcke,zeitraum,ausschließlich,steinkohle,betrieben,worden,feuer,anlage,ausgebrochen,biomassezufuhr,dient,personen,kamen,schaden,brand,ergebniseinbußen,niedrigen,mittleren,zweistelligen,millionenbereich,entstanden,unterbrechung,biomasseverstromung,folge,staatliche,förderung,mitnutzung,energieträgers,erhalten,entsprechend,niedriger,ausfiel,hinzu,kamen,kosten,lagerung,biomassebestän,frühzeitig,termin,beschafft,markus,krebber,mai,2021,vorstandsvorsitzender,rwe,ag,œ,michael,müller,zvezdana,seeger,seit,november,2020,gremium,aufsichtsrat,rwe,ag,2020,personellen,weichen,weiterhin,erfolgreiche,entwicklung,unterneh,men,gestellt,juli,fasste,beschluss,dr,markus,krebber,48,weitere,amtszeit,vorstand,erhält,30,juni,2026,künftig,spitze,gremiums,stehen,krebber,folgt,1,mai,2021,vorstandschef,dr,rolf,martin,schmitz,63,vertrag,ausläuft,aufsichtsrat,verspricht,davon,konzern,strategischen,ausrichtung,festhält,markus,krebber,seit,2016,finanzvorstand,rwe,ag,gemeinsam,rolf,martin,schmitz,erreicht,rwe,führenden,erneuerbare,energien,unternehmen,geworden,1an,investoren,2lagebericht,wesentliche,ereignisse,3versicherung,gesetzlichen,vertreter,4konzernabschluss,5weitere,informationen,45,krebbers,seite,vorstand,rwe,ag,zvezdana,seeger,56,dr,michael,müller,49,stehen,aufsichtsrat,beiden,manager,1,november,2020,neu,gremium,bestellt,zvezdana,seeger,diplomvolkswirtin,zuletzt,vorstandsmitglied,db,privat,firmenkundenbank,ag,coo,geschäftssegments,private,and,corporate,business,deutsche,bank,ag,rwe,ag,verantwortet,ressorts,personal,it,darüber,hinaus,arbeitsdirektorin,michael,müller,bereits,seit,2005,leitenden,funktionen,rwe,tätig,promovierte,ingenieur,wirtschaftswissen,schaftler,zuletzt,geschäftsführer,cfo,tochtergesellschaft,rwe,supply˛˛trading,gmbh,vorstand,rwe,ag,verantwortet,ressorts,finanzen,steuern,business,service,markus,krebber,finanzvorstand,nachfolgen,schmitz,amt,vorstandsvorsitzenden,übernimmt,30,april,2021,müller,bisherige,tätigkeit,rwe,supply˛˛trading,personalunion,weiterführen,nähere,informationen,mitglieder,vorstands,rwe,ag,finden,bericht,seite,9˛f,sowie,internet,wwwrwecomvorstandundaufsichtsrat,ereignisse,ablauf,berichtsjahres,rwe,ersteigert,nutzungsrechte,neue,windkraftstandorte,britischen,nordsee,versteigerung,optionsrechten,nutzung,neuer,gebiete,offshorewind,park,rwe,februar,2021,zwei,benachbarte,standorte,britischen,nordsee,gesichert,dürfen,areale,entwicklung,projekten,volumen,3000,mw,nutzen,dafür,müssen,zeit,finalen,investitionsentscheidung,optionsprämie,jährlich,82552˛£˛˛mw,zzgl,inflationsausgleich,zahlen,standor,te,liegen,doggerbank,sandbank,flachen,bereich,nordsee,nähe,entwickelt,rwe,sofia,bereits,weiteres,offshorewindprojekt,zunächst,neuen,standorte,umweltverträglichkeitsprüfung,geben,positivem,ergebnis,projektentwicklung,beginnen,ab,optionsprämie,zahlen,sobald,erforderlichen,genehmigungen,vorliegen,förderauktion,contract,for,difference,teilnehmen,anschließend,finale,investitionsentschei,dung,treffen,stelle,optionsprämie,wesentlich,niedrigere,pachtzah,lung,treten,planmäßigem,projektfortschritt,könnten,neuen,windparks,ende,jahrzehnts,betrieb,gehen,auktion,jahresbeginn,crown,estate,durchgeführt,wurde,entwicklungsrechte,insgesamt,sechs,offshorestandorte,ersteigert,worden,denen,windparks,kapazität,7980,mw,entstehen,wettbewerber,ebenfalls,optionsrechte,sichern,konnten,dafür,teil,wesentlich,höhere,gebote,abgegeben,rwe,erfolgreichen,bietern,schnitt,niedrigste,optionsprämie,pro,jahr,megawatt,zahlen,hohe,ergebniseinbußen,jahrhundertkälte,texas,februar,2021,außergewöhnliche,kältewelle,teilen,usa,massiven,beeinträchtigungen,energieversorgung,geführt,aufgrund,winterstürmen,eisregen,rwewindparks,texas,mehrere,tage,außer,betrieb,teilweise,erzeugung,anlage,bereits,termin,verkauft,mussten,daher,strom,zukaufen,lieferverpflichtungen,erfüllen,wegen,angespannten,versorgungslage,regulatorischer,preisvorgaben,fremdbezüge,9000,us˛˛mwh,zahlen,führte,segment,onshore,wind˛˛solar,ergebnisbelastungen,niedrigen,mittleren,dreistelligen,millioneneurobereich,bund,kernkraftwerksbetreiber,entschädigungen,atomausstieg,bundesregierung,deutschen,kernkraftwerksbetreiber,märz,2021,einvernehmen,entschädigungen,beschleunigten,atomausstieg,erzielt,gespräche,aufgenommen,worden,bundesverfassungsgericht,ursprünglichen,gesetzlichen,ausgleichsregelungen,unwirksam,erklärt,siehe,seite,39,fall,rwe,geht,nutzbare,erzeugungskontingente,höhe,259,mio,mwh,wertlos,gewordene,investitionen,rund,40,mio˛•,bund,ausgleich,höhe,3322˛•˛˛mwh,stromkontingente,aussicht,gestellt,außerdem,hälfte,entwerteten,investitionen,erstattet,akzeptieren,gefundene,lösung,steht,allerdings,vorbehalt,umsetzung,entsprechende,gesetzliche,regelungen,öffentlichrechtlichen,vertrag,bund,kraftwerksbetreibern,zudem,beihilfeprüfung,eukommission,erforderlich,einigung,bund,einfluss,konzernabschluss,2020,1an,investoren,2lagebericht,wesentliche,ereignisse,3versicherung,gesetzlichen,vertreter,4konzernabschluss,5weitere,informationen,46,25,geschäftsentwicklung,ungeachtet,coronakrise,2020,erfolgreiches,geschäftsjahr,bereinigte,ebitda,rwe,lag,32,mrd˜•,oberhalb,prognostizierten,bandbreite,haupt,grund,dafür,gute,performance,energiehandel,außerdem,sorgten,günstige,wetterbedingungen,hohe,auslastung,unserer,windparks,pande,mie,begrenzte,auswirkungen,ertragslage,brachte,leichte,ergebnisentwicklung,2020,prognostiziert,erreicht,mio˛•,verzögerungen,windkraftprojekten,verluste,wertpapierportfolio,positiv,entwickelte,ertragslage,emissionsbilanz,co2ausstoß,rwe,stark,gesunken,vergangenen,jahr,lag,bereits,62˜,niveau,2012,˛1,siehe,geschäftsbericht,2019,seite,94˛f,schraffierte,fläche,gibt,prognosebandbreite,rwekonzern,kerngeschäft,offshore,wind,onshore,wind˛,solarwasser˛˛biomasse˛,gasenergiehandel,kohle˛,kernenergie,rwekonzern,rwekonzern,bereinigtes,ebitda,bereinigtes,ebitbereinigtes,nettoergebnis,prognose,übertroffen,prognose,eingetreten,prognose,unterschritten,2019,2020prognose,2020˛1248921836143235267629567273130612674726215395591771121310691an,investoren,2,lagebericht,geschäftsentwicklung,3versicherung,gesetzlichen,vertreter,4,konzernabschluss,5,weitere,informationen,47,1,inkl,produktionsmengen,genannten,energieträgern,zuzuordnen,z˛b,strom,ölkraftwerken,2,inkl,strombezüge,erzeugungsanlagen,rweeigentum,befinden,aufgrund,langfristiger,nutzungsverträge,verfügen,segment,wasser˛˛biomasse˛˛gas,2157,gwh,bezogen,worden,vorjahr,1829,gwh,segment,kohle˛˛kernenergie,1009,gwh,vorjahr,1791,gwh,stromerzeugung,4˜,vorjahr,rwekonzern,abgelaufenen,geschäftsjahr,146775,gwh,strom,erzeugt,davon,stammten,20˛,regenerativen,quellen,wind,wasser,sonne,biomasse,energieträger,erdgas,kam,anteil,34˛,braun,steinkohle,bedeutung,verloren,trugen,25˛,bzw,5˛,unserer,stromproduktion,anteil,kernenergie,belief,14˛,gegenüber,vorjahr,strom,produktion,4˛,gesunken,deutlichsten,rückgänge,verzeichneten,steinkohle,braunkohlekraftwerken,rolle,spielte,dabei,kohle,konkurrierende,energieträger,gas,zeitweise,erheblich,verbilligte,dadurch,wettbewerbsfähiger,wurde,außerdem,minderten,coronakrise,hohe,windstrom,einspeisungen,bedarf,konventionell,erzeugtem,strom,aufgrund,letztgenannten,sachverhalts,britischen,gaskraft,werke,weniger,ausgelastet,2019,andernorts,erhöhte,stromproduktion,gas,deutschland,u˛a,infolge,erwähnten,gaspreisrückgangs,niederlanden,kam,hinzu,anlage,claus,c,betrieb,aufnahm,nachdem,wegen,mangelnder,wirtschaftlichkeit,mehrere,jahre,stillgestanden,steigern,konnten,einsatzzeiten,gaskraftwerks,türkischen,denizli,dabei,kam,zugute,üblicherweise,hohe,anteil,wasserkraft,lokalen,elektrizitätsversorgung,wetterbedingt,rückläufig,stark,angestiegen,beitrag,erneuerbaren,energien,unserer,stromproduktion,hauptgrund,dafür,september,2019,eon,rwe,übergegangenen,aktivitäten,erstmals,vollen,zwölf,monaten,zahlen,berücksichtigt,außerdem,profitierten,günstigen,windverhältnissen,inbetriebnahme,neuer,stromerzeugung,erneuerbare,energien,pumpspeicher,batterien,gasbraunkohle,steinkohle,kernenergie,gesamt,1in,gwh,20202019202020192020201920202019202020192020201920202019offshore,wind,70094116œœœœœœœœœœ70094116onshore,wind˛˛solar,167628056œœœœœœœœœœ167628056wasser˛˛biomasse˛˛gas,59104202206017604941450564œœ35849466œœ6117866103davon,deutschland2173720262060176085767836œœœœœœ1258311733großbritannien,460577œœ2525033482œœœ654œœ2571034713niederlande,36791599œœ113076564œœ35848812œœ1857016975türkei,œœœœ42812682œœœœœœ42812682kohle˛˛kernenergie,21912œœ72622436649482493791473420682212336182674890rwekonzern,2970016386206017605014050788366494824973751420020682212331467751531651an,investoren,2lagebericht,geschäftsentwicklung,3versicherung,gesetzlichen,vertreter,4konzernabschluss,5weitere,informationen,48,onshorewindparks,positiv,wirkte,niederländischen,steinkohle,kraftwerken,amer,9,eemshaven,zunehmend,biomasse,mitverbrennen,allerdings,biomassenutzung,eemshaven,wegen,brandschadens,mai,november,2020,unterbrochen,vergangenen,jahr,erzeugungskapazität,07,gw,verringert,wegen,deutschen,kohleausstiegs,seite,44,erläutert,steinkohle,kraftwerke,ibbenbüren,b,794,mw,westfalen,e,764,mw,ende,2020,betrieb,gestellt,sollen,2021,stillgelegt,daher,bilanzstichtag,mehr,kapazitätszahlen,enthalten,ebenfalls,jahresende,braunkohleblock,niederaußem,d,297,mw,geschlossen,worden,erwerb,king™s,lynn,382,mw,ostengland,dagegen,gaskraftwerk,hinzubekommen,erneuerbaren,energien,konnten,erzeugungsleistung,1,gw,steigern,vier,große,onshorewindparks,usa,fertiggestellt,siehe,seite,43,umrüstung,strom,produzieren,beziehen,anbietern,außer,halb,konzerns,berichtsjahr,beliefen,bezüge,53940,gwh,vorjahr,46476,gwh,eigenerzeugung,fremdstrombezug,ergaben,zusammen,strom,aufkommen,200715,gwh,vorjahr,199641,gwh,geringere,erzeugungsleistung,wegen,schließung,kohlekraftwerken,ende,2020,verfügten,strom,erzeugungsanlagen,gesamtleistung,407,gw,liegen,spitzengruppe,europäischen,versorger,zahl,eingerechnet,kapazitäten,gehören,aufgrund,langfristiger,nutzungs,verträge,verfügen,fünf,deutschen,braunkohleblöcke,gesetzlichen,sicherheitsbereitschaft,befinden,zeitraum,2021,2023,endgültig,stillgelegt,berücksichtigen,dagegen,mehr,vorjahreszahlen,entsprechend,angepasst,stromerzeugung,basis,erneuerbarer,energien,offshore,wind,onshore,wind,solarwasser,biomassegesamt,gwh,202020192020201920202019202020192020201920202019deutschland2082129911681106311674185644649314308großbritannien,4690275521341278œœ11819334238372844609niederlande,œœ7687027œ14183665158144542301polen,œœ99773311œœœœ998734spanien,œœ890104751œ2920œœ9701067italien,œœ882406œœœœœœ882406schweden23762339106œœœœœœ576168usa,œœ9059256427135œœœœ93302599andere,länder,œœ3028992146164œœ275194rwekonzern,7009411616267797043239198122514011201029700163861an,investoren,2lagebericht,geschäftsentwicklung,3versicherung,gesetzlichen,vertreter,4konzernabschluss,5weitere,informationen,49,niederländischen,steinkohlekraftwerke,amer,9,eemshaven,stärkere,mitnutzung,biomasse,trug,anstieg,erneuerbareenergienkapazitäten,entsprechend,rückläufig,steinkohleanteil,ausgewiesenen,leistung,anlagenbezogen,erzeugungskapazität,gas,energieträger,nr,1,anteil,belief,ende,2020,35˛,platz,zwei,liegen,erneuerbaren,energien,25˛,ende,2020,verfügten,windturbinen,gesamtleistung,85,gw,davon,66,gw,festland,19,gw,meer,windkraft,wichtigste,1,anlage,stillzulegen,beendigung,stromproduktion,mehr,kapazitätsübersicht,aufgenommen,betrifft,u˛a,fünf,braunkohleblöcke,gesetzlichen,sicherheitsbereitschaft,1448,mw,zahlen,2020,2019,deshalb,unberücksichtigt,bleiben,steinkohlekraftwerke,ibbenbüren,b,westfalen,e,ende,2020,mehr,erfasst,kaufmännische,rundung,einzelwerten,führen,tabelle,exakt,aufaddieren,2,inkl,kapazitäten,genannten,energieträgern,zuzuordnen,z˛b,ölkraftwerke,3,inkl,kapazitäten,rweeigentum,befinden,aufgrund,langfristiger,nutzungsverträge,verfügen,ende,2020,anlage,nennleistung,2211,mw,segment,wasser˛˛biomasse˛˛gas,783,mw,segment,kohle˛˛kernenergie,4,inkl,geringer,kapazitäten,rwe,supply˛˛trading,regenerative,energiequelle,gefolgt,biomasse,08,gw,wasserkraft,06,gw,solar,02,gw,regionaler,schwerpunkt,erzeugungsgeschäfts,deutschland,befinden,51˛,unserer,installierten,leistung,groß,britannien,niederlande,nehmen,23˛,bzw,14˛,nächsten,plätze,übernahme,erneuerbareenergien,geschäfts,eon,september,2019,usa,viertwichtigster,erzeugungs,markt,geworden,mehr,hälfte,unserer,onshorewindkraft,anlage,befinden,davon,meisten,bundesstaat,texas,stromerzeugungskapazität,1erneuerbare,energien,pumpspeicher,batterien,gasbraunkohle,steinkohle,kernenergie,gesamt,2stand,31122020,mw,20202019offshore,wind,1918œœœœœ19181918onshore,wind˛˛solar,685820œœœœ68776063wasser˛˛biomasse˛˛gas,136623361390114741936919080davon,deutschland343223363807œœœ66146583großbritannien,137œ6984œœœ73747118niederlande˛˛belgien,748œ2323œ1474œ45454519türkei,œœ787œœœ787787kohle˛˛kernenergie,37œ400854878327701253514352rwekonzern,41014823581430185482257277040702414151an,investoren,2lagebericht,geschäftsentwicklung,3versicherung,gesetzlichen,vertreter,4konzernabschluss,5weitere,informationen,50,deutlicher,rückgang,co,2emissionen,vergangenen,jahr,emittierten,kraftwerke,689,mio,tonnen,kohlendioxid,192,mio,tonnen,bzw,22˛,weniger,2019,ausschlaggebend,dafür,wesentlich,weniger,braunkohle,steinkohle,verstromt,verringert,absoluten,spezifischen,emissionen,d˛h,co,2ausstoß,je,erzeugte,megawattstunde,strom,058,047,tonnen,gesunken,nahezu,gesamten,co,2ausstoß,benötigen,emissionsrechte,regel,kaufen,zertifikate,terminmarkt,ausnahmefällen,teilen,west,europäischen,staaten,energieversorgern,emissionsrechte,kostenfrei,berichtsjahr,konnten,11,mio,tonnen,co,2,staatlichen,zuteilungen,abdecken,1,inkl,co,2ausstoß,kraftwerken,rweeigentum,befinden,aufgrund,langfristiger,nutzungsverträge,verfügen,2020,emittierten,anlage,11,mio,tonnen,vorjahr,13,mio,tonnen,1,kaufmännische,rundung,einzelwerten,führen,tabelle,exakt,aufaddieren,stromerzeugungskapazität,basis,erneuerbarer,energien,1offshore,wind,onshore,wind,solarwasser,biomassegesamt,stand,31122020,mw,20202019deutschland5986663432œ16981706großbritannien,1272707œ825521172115niederlande,œ268œ117371016855polen,œ3851œœ386386spanien,œ4474512œ504459italien,œ475œœœ475475schweden48116œœœ164164usa,œ3543125œœ36682949andere,länder,œ104765œ12271rwekonzern,19186616220602792101489180co2ausstoß,mio,tonnen,20202019œwasser˛˛biomasse˛˛gas,212263œ˛51davon,deutschland1353302großbritannien,91129œ˛38niederlande,7091œ˛21türkei,161006kohle˛˛kernenergie,477618œ˛141rwekonzern,689881œ˜1921an,investoren,2lagebericht,geschäftsentwicklung,3versicherung,gesetzlichen,vertreter,4konzernabschluss,5weitere,informationen,51,514,mio,tonnen,braunkohle,gefördert,erzeugungsgesellschaften,beziehen,benötigten,brennstoffe,entweder,direkt,markt,rwe,supply˛˛trading,braunkohle,gewinnen,eigenen,tagebauen,abbaugebiet,westlich,köln,rheinischen,revier,vergangenen,jahr,514,mio,tonnen,gefördert,134,mio,tonnen,weniger,vorjahr,œ,folge,geringeren,auslastung,unserer,kraftwerke,418,mio,tonnen,großteil,gewonnenen,braun,kohle,stromerzeugung,eingesetzt,übrigen,mengen,herstellung,veredlungsprodukten,z˛b,braunkohlestaub,herdofenkoks,briketts,geringem,umfang,erzeugung,prozessdampf,fernwärme,verwendet,worden,außenabsatz,leichtes,plus,strom,œ,bilanzierungseffekt,mindert,gasmengen,vergangenen,jahr,194465,gwh,strom,36463,gwh,gas,verkauft,2019,191973,bzw,56640,gwh,geschäfte,wurden,größtenteils,segment,energiehandel,getätigt,hauptprodukt,strom,konnten,mehr,absetzen,vorjahr,liefermengen,rwe,renewables,deutlich,gestiegen,rwe,supply˛˛trading,wesentlich,weniger,strom,rwekraftwerken,extern,vermarktet,gasabsatz,verringerte,36˛,hauptgrund,dafür,gasverkäufe,rwe,supply˛˛trading,tschechien,seit,1,juli,2019,reine,handel,transaktionen,erfassen,dementsprechend,weder,absatz,umsatz,berück,sichtigen,außenumsatz,höher,2019,umsatz,kunden,außerhalb,konzerns,belief,2020,13688,mio˛•,erdgas,stromsteuer,4˛,mehr,vorjahr,stromerlöse,stiegen,14˛,11701,mio˛•,deutlich,stärker,absatz,kamen,zwei,effekte,tragen,konnten,stromproduktion,unserer,konventionellen,kraftwerke,höhere,marktpreise,erzielen,2019,profitierten,verlagerung,unserer,erzeugung,regenerativ,gewonnenen,strom,zumeist,marktniveau,liegende,vergütung,erhalten,gaserlöse,dagegen,54˛,534,mio˛•,gesunken,hauptgrund,dafür,erwähnte,umstellung,bilanziellen,erfassung,umsätzen,tschechien,daneben,machte,niedrigere,gaspreisniveau,bemerkbar,außenumsatz,mio˛•,20202019œ,offshore,wind,33285247onshore,wind˛˛solar,18551265590wasser˛˛biomasse˛˛gas,10561200œ˛144energiehandel,9597955443sonstige,963kerngeschäft,1284912110739kohle˛˛kernenergie,8391015œ˛176rwekonzern,erdgas˜˜stromsteuer,1368813125563erdgas˛˛stromsteuer,20815256rwekonzern,13896132776191an,investoren,2lagebericht,geschäftsentwicklung,3versicherung,gesetzlichen,vertreter,4konzernabschluss,5weitere,informationen,52,kennzahl,nachhaltigkeitsorientierten,investoren,immer,mehr,beachtung,findet,anteil,erlöse,kohlestrom,sonstigen,kohleprodukten,gesamten,umsatz,rwekonzerns,abgelaufenen,geschäftsjahr,lag,anteil,23˛,bereinigtes,ebitda,30˜,gestiegen,bereinigtes,ergebnis,zinsen,steuern,abschreibungen,bereinigtes,ebitda,belief,3235,mio˛•,prognose,übererfüllt,ausblick,märz,2020,geschäftsbericht,2019,seite,94˛f,veröffentlicht,wurde,sah,korridor,2700,3000,mio˛•,bereinigte,ebitda,kerngeschäfts,2150,2450,mio˛•,veranschlagt,lag,2676,mio˛•,deutlich,erwartungen,trug,energiehandel,außergewöhnlich,guten,performance,2019,erneut,hohes,ergebnis,lieferte,gegenüber,vorjahr,bereinigte,ebitda,rwekonzerns,30˛,erhöht,hauptgrund,dafür,september,2019,eon,rwe,übergegangenen,geschäftsaktivitäten,erstmals,vollen,zwölf,monaten,konzernabschluss,berücksichtigt,wurden,verbesserte,auslastung,unserer,windkraftanlagen,trug,ergebnisanstieg,segmenten,zeigte,folgende,entwicklung,ł,offshore,wind,bereinigte,ebitda,lag,1069,mio˛•,prognostiziert,900,1100,mio˛•,gegenüber,2019,erzielten,plus,74˛,ergibt,erstmals,ganzjährigen,einbeziehung,erneuerbareenergiengeschäfts,eon,positiv,wirkten,verbesserten,windverhältnisse,trugen,geschäftsjahr,oberen,bereich,prognosekorridors,abschließen,konnten,1,teilweise,angepasste,vorjahreswerte,außenumsatz,produkten,1in,mio˛•,20202019œ,stromerlöse,11701102501451davon,offshore,wind,33285247onshore,wind˛˛solar,1676943733wasser˛˛biomasse˛˛gas,68467113energiehandel,87758259516sonstige,11œkerngeschäft,1146899591509kohle˛˛kernenergie,233291œ˛58gaserlöse,5341156œ˜622davon,wasser˛˛biomasse˛˛gas,522œ˛17energiehandel,5291134œ˛605kerngeschäft,5341156œ˜622sonstige,erlöse,14531719œ˜266rwekonzern,erdgas˜˜stromsteuer,1368813125563bereinigtes,ebitda,mio˛•,20202019œ,offshore,wind,1069614455onshore,wind˛˛solar,472295177wasser˛˛biomasse˛˛gas,621672œ˛51energiehandel,539731œ˛192sonstige,konsolidierung,œ˛25œ˛129104kerngeschäft,26762183493kohle˛˛kernenergie,559306253rwekonzern,323524897461an,investoren,2,lagebericht,geschäftsentwicklung,3versicherung,gesetzlichen,vertreter,4,konzernabschluss,5,weitere,informationen,53,ł,onshore,wind˛˛solar,bereinigte,ebitda,segment,betrug,472,mio˛•,erwartete,bandbreite,500,600,mio˛•,wurde,unterschritten,schlugen,coronabedingte,verzögerungen,inbetriebnahme,neuer,windparks,buche,anlage,konnten,daher,2020,erwarteten,umfang,ergebnis,beitragen,negative,einfluss,coronakrise,strommarktpreise,führte,unge,planten,ertragseinbußen,davon,betroffen,windparks,deren,strom,teilweise,fixen,konditionen,absetzen,deshalb,marktrisiko,tragen,vergleich,vorjahr,bereinigte,ebitda,60˛,verbessert,wegen,erstmals,ganzjährigen,einbeziehung,erneuerbareenergien,geschäfts,eon,daneben,profitierten,inbetriebnahme,neuer,erzeugungs,kapazitäten,ł,wasser˛˛biomasse˛˛gas,segment,erreichten,bereinigtes,ebitda,621,mio˛•,prognostiziert,wert,550,650,mio˛•,gegenüber,2019,verringerte,ergebnis,8˛,ursache,dafür,niedrigere,erträge,teilnahme,britischen,kapazitätsmarkt,aufgrund,höchstrichter,lichen,entscheidung,november,2018,etwa,jahr,ausgesetzt,worden,wiederaufnahme,kapazitätsvergütungen,enthielt,ergebnis,2019,prämiennachzahlungen,2018,niederlanden,verschlechterte,wirt,schaftliche,lage,kraftwerks,eemshaven,mehrjährigem,stillstand,reaktivierte,gaskraftwerk,claus,c,stärker,ergebnis,beitrug,erträge,kommerziellen,optimierung,kraftwerkseinsatzes,niedriger,2019,höher,geplant,deshalb,lag,bereinigte,ebitda,segment,oberen,bereich,prognosekorridors,ł,energiehandel,performance,handelsgeschäft,wesentlich,besser,erwartet,dementsprechend,lag,bereinigte,ebitda,segment,539,mio˛•,deutlich,oberhalb,prognostizierten,korridors,150,350,mio˛•,dennoch,konnten,ergebnis,vorjahres,anknüpfen,731,mio˛•,außergewöhnlich,starken,handelsperformance,geprägt,gasgeschäft,verlief,ebenfalls,zufriedenstellend,ganz,gut,2019,ł,kohle˛˛kernenergie,bereinigte,ebitda,lag,559,mio˛•,innerhalb,erwarteten,bandbreite,500,600,mio˛•,gegenüber,vorjahr,83˛,erhöht,ausschlaggebend,dafür,strom,unserer,braunkohle,kernkraftwerke,höheren,großhandelspreis,erzielten,2019,erzeugung,anlage,bereits,vorjahren,nahezu,vollständig,termin,verkauft,weiterer,positiver,effekt,ergab,dadurch,september,2019,minder,heitsanteile,eon,kernkraftwerken,gundremmingen,emsland,nommen,bereinigtes,ebit,40˜,vorjahr,bereinigte,ebit,rwekonzerns,40˛,1771,mio˛•,erhöht,lag,deutlich,prognostizierten,korridor,1200,1500,mio˛•,dabei,kamen,gleichen,effekte,tragen,beim,bereinigten,ebitda,beiden,kennzahlen,unterscheiden,dadurch,bereinigten,ebit,betrieblichen,abschreibungen,mitberücksichtigt,beliefen,2020,1464,mio˛•,gegenüber,1222,mio˛•,vorjahr,bereinigtes,ebit,mio˛•,20202019œ,offshore,wind,697377320onshore,wind˛˛solar,865927wasser˛˛biomasse˛˛gas,283342œ˛59energiehandel,496691œ˛195sonstige,konsolidierung,œ˛25œ˛128103kerngeschäft,15371341196kohle˛˛kernenergie,234œ˛74308rwekonzern,177112675041an,investoren,2lagebericht,geschäftsentwicklung,3versicherung,gesetzlichen,vertreter,4konzernabschluss,5weitere,informationen,54,überleitung,nettoergebnis,sondereffekte,überlagern,operative,entwicklung,überleitung,bereinigten,ebit,nettoergebnis,2020,erheblichem,maß,einmaleffekten,geprägt,hohe,erträge,bewertung,derivaten,standen,ähnlich,hohen,außerplanmäßigen,abschreibungen,kohlekraftwerke,tagebaue,gegenüber,vergleich,vorjahr,machte,wegfall,positiven,sondereffekts,tauschgeschäft,eon,bemerkbar,verkauf,netz,vertriebsgeschäfts,innogy,sowie,beteiligung,tschechischen,gasnetz,betreiber,innogy,grid,holding,igh,2019,entkonsolidierungserfolg,83,mrd˛•,entstanden,2020,gab,vergleichbaren,effekt,dementsprechend,blieb,nettoergebnis,weit,hohen,vorjahresniveau,zurück,neutrale,ergebnis,bestimmte,operative,aperiodische,effekte,erfassen,zurückliegenden,geschäftsjahr,960,mio˛•,œ˛121,mio˛•,verbes,sert,einzel,positionen,stellen,folgt,dar,ł,ergebnis,veräußerung,beteiligungen,vermögenswerten,fiel,13,mio˛•,gewicht,vorjahr,48,mio˛•,stammte,wesentlichen,ver,kauf,usamerikanischen,holzpelletproduzenten,georgia,biomass,siehe,seite,45,ł,ergebniseffekte,bewertung,derivaten,vorräten,erreichten,1886,mio˛•,ungewöhnlich,hohes,niveau,nachdem,vorjahr,81,mio˛•,gelegen,effekte,temporär,entstehen,u˛a,dadurch,finanzinstrumente,absicherung,preisrisiken,gemäß,ifrs,marktwerten,jeweiligen,stichtag,bilanzieren,abgesicherten,grundgeschäfte,erst,realisierung,erfolgswirksam,erfasst,dürfen,ł,—sonstigeﬁ,weisen,verlust,2020,mio˛•,vorjahr,1210,mio˛•,ausschlaggebend,dafür,wertberichtigungen,kraftwerke,tagebaue,höhe,18,mrd˛•,deutschen,kohleausstieg,verschlechterte,marktperspek,tiven,zurückzuführen,deutschen,steinkohlekraftwerke,ibbenbüren,b,westfalen,e,stilllegungsauktion,bundesnetzagentur,zuschlag,erhiel,ten,komplett,abgeschrieben,auktion,gesicherte,kompensations,anspruch,höhe,216,mio˛•,wurde,ebenfalls,ergebniswirksam,erfasst,wert,berichtigungen,betrafen,braunkohlegeschäft,niederländischen,kraftwerkspark,neutrales,ergebnis,mio˛•,20202019œ,veräußerungsergebnis,1348œ˛35ergebniseffekte,bewertung,derivaten,vorräten,1886811805sonstige,œ˛2020œ˛1210œ˛810neutrales,ergebnis,œ˜121œ˜1081960überleitung,nettoergebnis,mio˛•,20202019œ,bereinigtes,ebitda,32352489746betriebliche,abschreibungen,œ˛1464œ˛1222œ˛242bereinigtes,ebit,17711267504neutrales,ergebnis,œ˛121œ˛1081960finanzergebnis,œ˛454œ˛938484ergebnis,fortgeführter,aktivitäten,steuern,1196œ˜7521948ertragsteuern,œ˛36392œ˛455ergebnis,fortgeführter,aktivitäten,833œ˜6601493ergebnis,fortgeführter,aktivitäten,2219816œ˛9595ergebnis,10549156œ˜8102davon,ergebnisanteile,gesellschafter,59643œ˛584ergebnisanteile,hybridkapitalgeber,rwe,ag,œ15œ˛15nettoergebnis˜˜ergebnisanteile,aktionäre,rwe,ag,9958498œ˜75031an,investoren,2lagebericht,geschäftsentwicklung,3versicherung,gesetzlichen,vertreter,4konzernabschluss,5weitere,informationen,55,finanzergebnis,lag,œ˛454,mio˛•,484,mio˛•,vorjahreswert,einzelnen,ergaben,folgende,veränderungen,ł,zinsergebnis,verbesserte,60,mio˛•,œ˛13,mio˛•,hintergrund,2019,erworbene,beteiligung,eon,aktuell,15˛,liegt,erstmals,dividende,vereinnahmt,allerdings,mussten,größere,zinsbelastungen,tragen,u˛a,erstmals,ganzjährige,berücksichtigung,erneuerbare,energiengeschäfts,eon,zurückzuführen,dadurch,weisen,höhere,aufwendungen,finanzierung,onshorewindparks,usa,außerdem,stiegen,kosten,währungssicherung,geschäftsaktivitäten,außerhalb,euroraums,ł,zinsanteile,zuführungen,langfristigen,rückstellungen,minderten,ergebnis,255,mio˛•,vorjahr,881,mio˛•,belastungen,wesentlich,höher,2019,realabzinsungssatz,berechnung,bergbaurückstellungen,deutlich,gesenkt,verbundenen,anstieg,verpflichtungsbarwerte,teil,aufwand,zinsanteilen,berücksichtigt,ł,—übrige,finanzergebnisﬁ,verringerte,202,mio˛•,œ˛186,mio˛•,coronabedingten,finanzmarktturbulenzen,frühjahr,2020,verluste,wertpapieranlagen,realisiert,nachdem,2019,gewinne,erzielt,daneben,führten,ungünstige,entwicklungen,zinsen,wechselkursen,ergebnisbelastungen,finanzgeschäften,fortgeführten,aktivitäten,weisen,ergebnis,steuern,1196,mio˛•,vorjahr,œ˛752,mio˛•,ertragsteuern,beliefen,363,mio˛•,steuerquote,30˛,entspricht,angesichts,steuerlichen,gewinnsituation,rwe,relativ,hoher,wert,abschreibungen,aktive,latente,steuern,gaben,dafür,ausschlag,gegenläufigen,einfluss,steuerquote,steuerliche,risikovorsorge,reduzieren,konnten,steuern,erzielten,fortgeführten,aktivitäten,ergebnis,833,mio˛•,vorjahr,œ˛660,mio˛•,ergebnis,fortgeführten,aktivitäten,betrug,221,mio˛•,stammte,beteiligung,slowakischen,energieversorger,vse,2019,innogy,übernommen,august,2020,eon,weitergegeben,siehe,seite,42,entkonsolidie,nrungserfolg,154,mio˛•,ergebnis,miterfasst,vorjahr,position,gesamten,fortgeführten,innogyaktivitäten,berücksichtigt,vse,abgese,hen,september,2019,veräußert,dabei,erzielten,entkonsolidie,rungserfolg,8258,mio˛•,ergebnis,fortgeführter,aktivitäten,außergewöhnlich,hoch,ausgefallen,9816,mio˛•,ergebnisanteile,gesellschafter,verringerten,584,mio˛•,59,mio˛•,hintergrund,veräußerung,unserer,innogybeteiligung,768˛,september,2019,seither,fallen,ergebnisse,mehr,minderheitsgesellschaftern,innogy,konzerns,zuzuordnen,wären,ergebnisanteile,hybridkapitalgebern,beliefen,null,vorjahr,15,mio˛•,einzige,hybridanleihe,gemäß,ifrs,eigenkapital,klassifizieren,wurde,märz,2019,abgelöst,verbliebene,hybridkapital,rwe,schulden,zugerechnet,verzinsung,erfassen,finanzergebnis,finanzergebnis,mio˛•,20202019œ,zinserträge,28318598davon,eondividende,182œ182zinsaufwendungenœ˛296œ˛258œ˛38zinsergebnis,œ˜13œ˜7360zinsanteile,zuführungen,langfristigen,rückstellungen,œ˛255œ˛881626davon,zinsanteile,zuführungen,bergbaurückstellungen,œ˛186œ˛581395übriges,finanzergebnis,œ˛18616œ˛202finanzergebnis,œ˜454œ˜9384841an,investoren,2lagebericht,geschäftsentwicklung,3versicherung,gesetzlichen,vertreter,4konzernabschluss,5weitere,informationen,56,bereinigtes,nettoergebnis,höher,erwartet,bereinigte,nettoergebnis,belief,1213,mio˛•,wegen,unerwartet,guten,operativen,ertragslage,lag,oberhalb,prog,nostizierten,bandbreite,850,1150,mio˛•,ermitteln,bereinigte,netto,ergebnis,ifrsnettoergebnis,neutrale,ergebnis,ergebnis,fortgeführter,aktivitäten,sowie,wesentliche,sondereinflüsse,finanzergebnis,ergebnisanteilen,gesellschafter,korrigieren,anstelle,tatsächlichen,steuerquote,verwenden,wert,15˛,erwarteten,mittleren,steuerbelastung,kommenden,jahre,orientiert,2019,bereinigtes,nettoergebnis,ausgewiesen,wegen,erheblichen,effekte,tausch,geschäft,eon,begrenzt,aussagefähig,wäre,1,tabelle,ausschließlich,zahlungswirksame,investitionen,erfasst,vorjahreswerte,wurden,entsprechend,angepasst,2,inkl,konsolidierungseffekte,œ˛4,mio˛•,2020,4,mio˛•,2019,kerngeschäft,segment,kohle˛˛kernenergie,1,tabelle,ausschließlich,zahlungswirksame,investitionen,erfasst,vorjahreswerte,wurden,entsprechend,angepasst,nettoergebnis,rwekonzerns,betrug,995,mio˛•,vorjahr,8498,mio˛•,daraus,leitet,ergebnis,je,aktie,156˛•,ab,vorjahr,1382˛•,berichtsjahr,standen,durchschnittlich,6373,mio,rweaktien,wegen,kapitalerhöhung,august,2020,lag,zahl,vergleichswert,2019,6147,mio˛•,überleitung,bereinigten,nettoergebnis,mio˛•,ursprüngliche,werte,bereinigung,bereinigte,werte,bereinigtes,ebit,1771œ1771neutrales,ergebnis,œ˛121121œfinanzergebnis,œ˛454139œ˛315ergebnis,fortgeführter,aktivitäten,steuern,11962601456ertragsteuern,œ˛363145œ˛218ergebnis,fortgeführter,aktivitäten,8334051238ergebnis,fortgeführter,aktivitäten,221œ˛221œergebnis,10541841238davon,ergebnisanteile,gesellschafter,59œ˛3425nettoergebnis˜˜ergebnisanteile,aktionäre,rwe,ag,9952181213investitionen,sachanlagen,immaterielle,vermögenswerte,1in,mio˛•,20202019œ,offshore,wind,756492264onshore,wind˛˛solar,1154752402wasser˛˛biomasse˛˛gas,153212œ˛59energiehandel,432914sonstige,konsolidierung,œœ˛33kerngeschäft,21061482624kohle˛˛kernenergie,183281œ˛98rwekonzern,222851767518investitionen,finanzanlagen,1in,mio˛•,20202019œ,offshore,wind,520œ520onshore,wind˛˛solar,40846362wasser˛˛biomasse˛˛gas,1152113energiehandel,1868œ˛50sonstige,konsolidierung,11œ˛112123kerngeschäft,107241068kohle˛˛kernenergie,1œ1rwekonzern,1073410691an,investoren,2lagebericht,geschäftsentwicklung,3versicherung,gesetzlichen,vertreter,4konzernabschluss,5weitere,informationen,57,investitionen,wesentlich,höher,2019,geschäftsjahr,2020,3358,mio˛•,investiert,90˛,mehr,vorjahr,1771,mio˛•,vergangen,heit,stellen,unserer,finanzberichterstattung,zahlungswirksamen,investitionen,ab,rund,85˛,mittel,wurden,segmenten,offshore,wind,onshore,wind˛˛solar,eingesetzt,ausgaben,sachanlagen,immaterielle,vermögenswerte,2019,29˛,2285,mio˛•,erhöht,maßgeblich,beigetragen,erstmals,ganzjährige,einbeziehung,investitionen,erneuerbareenergiengeschäft,eon,erhalten,vergangenen,jahr,floss,großteil,mittel,bau,nordseewindparks,triton,knoll,kaskasi,sowie,großer,onshorewindparks,usa,finanzanlageinvestitionen,2019,unwesentlich,beliefen,berichtsjahr,1073,mio˛•,größere,zahlungen,leisteten,erwerb,20˛anteils,britischen,offshorewindpark,rampion,übernahme,europäischen,entwicklungsgeschäfts,nordex,kauf,382mwgaskraft,werks,king™s,lynn,ostengland,transaktionen,informieren,ausführlich,seite,42˛ff,1,umgerechnet,vollzeitstellen,2,position,umfasst,ausschließlich,beschäftigten,holdinggesellschaft,rwe,ag,mitarbeiter,13112202031122019œ,offshore,wind,11191016103onshore,wind˛˛solar,24022462œ˛60wasser˛˛biomasse˛˛gas,26672893œ˛226,energiehandel,17901633157sonstige,2425314,111kerngeschäft,8403831885kohle˛˛kernenergie,1109511474œ˛379rwekonzern,1949819792œ˜294personalbestand,geringfügig,vorjahr,31,dezember,2020,gab,rwe,konzern,19498,beschäftigte,davon,14701,deutschen,4797,ausländischen,standorten,ermittlung,zahlen,wurden,teilzeitstellen,anteilig,berücksichtigt,gegenüber,ende,2019,personalbestand,leicht,verringert,œ˛294,größten,rückgang,verzeichneten,segment,kohle˛˛kernenergie,379,beschäftigte,konzern,verlassen,u˛a,rahmen,altersteilzeitprogrammen,kern,geschäft,verzeichneten,plus,85,stellen,wesentlich,beigetragen,bau,britischen,nordseewindparks,triton,knoll,übernahme,europäischen,entwicklungsgeschäfts,nordex,außerdem,benötigen,mehr,personal,entwicklung,itinfrastruktur,konzerns,führte,segment,energie,handel,neueinstellungen,gegenläufig,wirkte,tochter,belectric,bau,entwicklung,solarkraftwerken,energiespeichern,spezialisiert,teilen,geschäfts,getrennt,mitarbeiterzahlen,erfasst,auszubildenden,ende,2020,erlernten,750,junge,menschen,beruf,jahr,zuvor,701,1an,investoren,2lagebericht,geschäftsentwicklung,3versicherung,gesetzlichen,vertreter,4konzernabschluss,5weitere,informationen,58,26,finanz,vermögenslage,finanz,vermögenslage,abgelaufenen,geschäftsjahr,verbessert,stark,gestiegene,einnahmen,operativen,geschäft,kapital,erhöhung,august,2020,maßgeblich,beigetragen,trotz,massiver,investitionen,erneuerbaren,energien,nettoschulden,44,mrd˜•,zurückgegangen,jahresende,17mal,hoch,bereinigte,ebitda,kerngeschäfts,gesetzte,obergrenze,30,deutlich,unterschritten,positiv,entwickelte,eigenkapitalquote,stieg,18,prozentpunkte,291˜,verantwortlichkeit,mittelbeschaffung,verantwortung,konzernfinanzie,rung,rwe,ag,gebündelt,konzernmutter,obliegt,mittel,banken,finanzmärkten,beschaffen,tochtergesellschaften,nehmen,einzelfällen,fremdkapital,direkt,etwa,nutzung,lokaler,kredit,kapitalmärkte,wirtschaftlich,vorteilhaft,rwe,ag,außerdem,koordinierend,tätig,konzern,gesellschaften,haftungsverhältnisse,eingehen,finanzrisiken,zentral,steuern,überwachen,außerdem,stärken,verhandlungsposition,gegenüber,kreditinstituten,geschäftspartnern,lieferanten,kunden,instrumente,aufnahme,fremdkapital,decken,finanzbedarf,großen,teil,einnahmen,operativen,geschäft,darüber,hinaus,verfügen,breite,palette,instrumenten,beschaffung,fremdmitteln,ł,debtissuanceprogramm,dip,bietet,spielraum,langfristige,fremd,finanzierung,kapitalmarkt,aktuellen,dip,anleihen,nominalwert,10,mrd˛•,begeben,seit,2015,rwe,ag,allerdings,emissionen,mehr,getätigt,ł,kurzfristige,refinanzierung,steht,commercialpaperprogramm,verfügung,vergangenen,jahr,aktualisiert,wurde,erlaubt,mittel,wert,5,mrd˛•,aktualisierung,5,mrd˛us,geldmarkt,beschaffen,laufe,vergangenen,geschäftsjahres,rahmen,moderatem,umfang,ausgeschöpft,zeitweise,standen,commercial,paper,gesamtwert,12,mrd˛•,ł,darüber,hinaus,syndizierte,kreditlinie,5,mrd˛•,zurückgreifen,liquiditätssicherung,dient,konsortium,27,internationalen,banken,gewährt,kreditlinie,besteht,zwei,tranchen,3,mrd˛•,april,2025,läuft,2,mrd˛•,april,2021,gewährt,beide,tranchen,jeweils,jahr,verlängert,ersten,müssen,zustimmung,banken,einholen,zweiten,bisher,rwe,syndizierte,kreditlinie,anspruch,genommen,anleihevolumen,06,mrd˜•,gesunken,ende,2020,standen,rweanleihen,nominalwert,06,mrd˛•,dabei,handelte,wesentlichen,zwei,hybrid,anleihen,282,mio˛•,kupon,35˛,317,mio˛us,kupon,6625˛,wegen,vorzeitiger,rückkäufe,oktober,2017,liegen,ausstehenden,beträge,emissionsvolumina,550,mio˛•,bzw,500,mio˛us,anleihen,frühestens,april,2025,bzw,märz,2026,gekündigt,dritte,hybridanleihe,volumen,539,mio˛•,kupon,275˛,oktober,2020,frühestmöglichen,zeitpunkt,abgelöst,neues,hybrid,kapital,ersetzen,nominalvolumen,ursprünglich,700,mio˛•,gelegen,zuge,anleiherückkäufe,2017,161,mio˛•,reduziert,worden,1an,investoren,2lagebericht,finanz,vermögenslage,3versicherung,gesetzlichen,vertreter,4konzernabschluss,5weitere,informationen,59,1,sämtliche,positionen,beziehen,ausschließlich,fortgeführten,aktivitäten,kreditrating,rwe,ag,stand,31122020,moody™s,fitch,langfristige,finanzschulden,senioranleihen,baa3bbbnachrangige,anleihen,hybridanleihen,ba2bbkurzfristige,finanzschulden,p3f2ausblick,positivstabil,fremdkapitalkostensatz,23˜,gestiegen,kostensatz,fremdfinanzierung,rwe,lag,2020,23˛,ermittelt,wurde,jahresdurchschnittlichen,bestand,unserer,verbindlichkeiten,anleihen,commercial,paper,bankkrediten,gegenüber,vorjahr,14˛,kostensatz,erhöht,hintergrund,geringe,rem,maße,commercial,paper,refinanziert,schuldverschreibungen,wegen,kurzen,laufzeiten,vergleichsweise,zinsgünstig,berichtsjahr,fremdfinanzierungsbedarf,insgesamt,niedriger,2019,u˛a,wegen,kapitalerhöhung,august,20,mrd˛•,zuflossen,siehe,seite,42,solides,kreditrating,kategorie,—investment,gradeﬁ,höhe,unserer,fremdfinanzie,rungskosten,hängt,davon,ab,unabhängige,ratingagenturen,bonität,beurteilen,moody™s,fitch,nehmen,einschätzungen,auftrag,beide,häuser,bescheinigen,bonität,kategorie,investment,grade,moody™s,benotet,langfristige,kreditwürdigkeit,—baa3ﬁ,märz,2020,agentur,rating,eingehender,prüfung,bekräftigt,sogar,heraufstufung,aussicht,gestellt,ratingausblick,—stabilﬁ,—positivﬁ,anpasste,begründete,schritt,u˛a,verbesserten,risikoprofil,rwe,infolge,transformation,führenden,erneuerbareenergienunternehmen,rating,fitch,—bbbﬁ,sogar,stufe,höher,moody™s,œ˛mit,stabilem,ausblick,stark,verbesserter,operativer,cash,flow,41,mrd˜•,laufenden,geschäfts,tätigkeit,unserer,fortgeführten,aktivitäten,erzielten,cash,flow,4125,mio˛•,gegenüber,œ˛977,mio˛•,vorjahr,deutliche,verbesserung,u˛a,positive,entwicklung,beim,operativen,ergebnis,zurückzuführen,hinzu,kamen,effekte,veränderung,nettoumlaufvermögens,widerspiegelten,beispielsweise,vorjahr,erhebliche,liquiditätsabflüsse,commoditytermingeschäfte,gegeben,2020,verzeichneten,dagegen,hohe,einnahmen,transaktionen,kapitalflussrechnung,1in,mio˛•,20202019œ,fund,from,operation,413818092329veränderung,nettoumlaufvermögens,œ˛13œ˛27862773cash,flow,laufender,geschäftstätigkeit,fortgeführter,aktivitäten,4125œ˜9775102cash,flow,investitionstätigkeit,fortgeführter,aktivitäten,œ˜4278474œ˜4752cash,flow,finanzierungstätigkeit,fortgeführter,aktivitäten,17691891580einfluss,wechselkurs,sonstigen,wertänderungen,flüssigen,mittel,œ˛3413œ˛47veränderung,flüssigen,mittel,1582œ˜3011883cash,flow,laufender,geschäftstätigkeit,fortgeführter,aktivitäten,4125œ˛9775102abzüglich,investitionen,œ˛3358œ˛1771œ˛1587zuzüglich,desinvestitionen˛˛anlagenabgänge,365695œ˛330free,cash,flow,1132œ˜205331851an,investoren,2lagebericht,finanz,vermögenslage,3versicherung,gesetzlichen,vertreter,4konzernabschluss,5weitere,informationen,60,investitionstätigkeit,fortgeführter,aktivitäten,4278,mio˛•,abgeflossen,maß,geblich,dafür,mitteleinsatz,sach,finanzanlagen,höhe,3358,mio˛•,desinvestitionserlöse,365,mio˛•,gegenüberstanden,außerdem,erheblichem,umfang,wertpapierkäufe,getätigt,insbesondere,erlöse,kapitalerhöhung,vorübergehend,anzulegen,vorjahr,dagegen,hohe,einnahmen,wertpapierverkäufen,erzielt,gründe,dafür,2019,per,saldo,474,mio˛•,investitionstätigkeit,zuflossen,cash,flow,finanzierungstätigkeit,fortgeführter,aktivitäten,lag,2020,1769,mio˛•,erheblich,vorjahreswert,189,mio˛•,schlug,kapitalerhöhung,buche,1990,mio˛•,vereinnahmten,berichtsjahr,zudem,mehr,finanzschulden,aufgenommen,getilgt,nettozufluss,61,mio˛•,führte,gegenläufig,wirkten,ausschüttungen,rweaktionäre,492,mio˛•,minderheitsgesellschafter,30,mio˛•,aufgrund,dargestellten,zahlungsströme,geschäfts,investitions,finanzie,rungstätigkeit,liquiditätsbestand,1582,mio˛•,gestiegen,zieht,cash,flow,laufender,geschäftstätigkeit,investitionsausgaben,ab,addiert,einnahmen,desinvestitionen,anlagenabgängen,ergibt,free,cash,flow,lag,1132,mio˛•,deutlich,negativen,vorjahreswert,œ˛2053,mio˛•,hauptursache,dafür,stark,erhöhten,mittelzuflüsse,operativen,geschäft,1,neue,definition,nettoschulden,siehe,erläuterung,folgenden,seite,darüber,hinaus,geänderte,vorjahreswerte,aufgrund,nachträglicher,anpassungen,erstkonsolidierung,2019,übernommenen,erneuerbare,energien,geschäfts,eon,nettoschulden,1in,mio˛•,3112202031122019œ,flüssige,mittel,477431921582wertpapiere,45173523994sonstiges,finanzvermögen,25072383124finanzvermögen,1179890982700anleihen,schuldscheindarlehen,verbindlichkeiten,gegenüber,kreditinstituten,commercial,paper,21602466œ˛306währungskurssicherung,anleihen,31724sonstige,finanzverbindlichkeiten,30383147œ˛109finanzverbindlichkeiten,52295620œ˜391abzüglich,50˛,fremdkapital,ausgewiesenen,hybridkapitals,œ˛278œ˛562284nettofinanzvermögen,inkl,korrektur,beim,hybridkapital,684740402807rückstellungen,pensionen,ähnliche,verpflichtungen,38643446418aktivisch,ausgewiesenes,nettovermögen,fondsgedeckten,pensionsverpflichtungen,œ˛172œ˛153œ˛19rückstellungen,entsorgung,kernenergiebereich,64516723œ˛272rückstellungen,rückbau,windparks,1136951185nettoschulden,fortgeführter,aktivitäten,44326927œ˜2495nettoschulden,fortgeführter,aktivitäten,œ232œ˜232nettoschulden,44327159œ˜27271an,investoren,2lagebericht,finanz,vermögenslage,3versicherung,gesetzlichen,vertreter,4konzernabschluss,5weitere,informationen,61,nettoschulden,44,mrd˜•,gesunken,nettoschulden,beliefen,31,dezember,2020,4432,mio˛•,entfallen,gesamten,höhe,fortgeführten,aktivitäten,fortgeführte,aktivität,ausgewiesene,vsebeteiligung,august,2020,veräußert,siehe,seite,42,seit,2020,grenzen,nettoschul,hden,neu,ab,bergbaurückstellungen,hauptsächlich,verpflichtungen,rekultivierung,tagebauflächen,abbilden,darin,mehr,erfasst,ebenso,bleiben,aktiva,unberücksichtigt,denen,bergbaurückstellungen,decken,z˛b,anspruch,staatliche,entschädigung,deutschen,braunkohleausstieg,höhe,26,mrd˛•,vergleichbarkeit,gewährleisten,stellen,verschuldung,vorjahres,neuen,definition,dar,gegenüber,stand,31,dezember,2019,nettoschulden,2727,mio˛•,verringert,hauptgründe,dafür,kapitalerhöhung,august,positive,free,cash,flow,entkonsolidierung,nettoschulden,vse,gegenläufige,effekte,ergaben,gewinnausschüttungen,außerdem,verzeichneten,leichten,anstieg,pensionsrückstellungen,diskontierungszinssätze,denen,gegenwartswert,pensionsverpflichtungen,ermitteln,marktbedingt,verrin,gert,wertzuwächse,beim,planvermögen,deckung,verpflichtungen,halten,konnten,ausgleichen,schuldenerhöhend,wirkte,hybrid,anleihe,539,mio˛•,getilgt,hintergrund,hybridkapital,ermittlung,nettoschulden,hälfte,eigenkapital,einstufen,leverage,factor,deutlich,obergrenze,30,wichtige,steuerungsgröße,verhältnis,nettoschulden,bereinigten,ebitda,kerngeschäfts,leverage,factor,kennzahl,aussagekräftiger,absolute,höhe,verbind,lichkeiten,ertragskraft,abstellt,œ,fähigkeit,schulden,bedienen,finanzielle,flexibilität,sichern,leverage,factor,obergrenze,30,festgelegt,berichtsjahr,lagen,17,deutlich,marke,mittel,kapitalerhöhung,wäre,obergrenze,eingehalten,worden,œ,leverage,factor,hätte,24,gelegen,rückläufige,außerbilanzielle,verpflichtungen,einkauf,brennstoffen,nettoschulden,enthalten,außerbilanziellen,verpflichtungen,ergeben,größtenteils,lang,frist,verträgen,beschaffung,brennstoffen,strom,zahlungsverpflichtungen,wesentlichen,kontrakten,bezug,brennstoffen,betrugen,bilanzstichtag,236,mrd˛•,gegenüber,271,mrd˛•,vorjahresende,strombezugsverträgen,71,mrd˛•,gleich,hoch,2019,werten,liegen,annahmen,voraussichtliche,entwicklung,commoditypreise,zugrunde,weitere,informa,tionen,außerbilan,ziellen,verpflichtungen,finden,seite,181˛f,anhang,konzernbilanz,eigenkapitalquote,291˜,gestiegen,konzernabschluss,2020,weisen,bilanzsumme,617,mrd˛•,gegenüber,640,mrd˛•,vorjahr,deutliche,rückgänge,ergaben,—forderungen,sonstigen,vermögenswertenﬁ,œ˛28,mrd˛•,—übrigen,verbindlichkeitenﬁ,œ˛25,mrd˛•,beide,positionen,verringerung,derivatbestände,geprägt,gesunken,sachanlagen,œ˛11,mrd˛•,zentrale,rolle,spielten,dabei,wertberichtigungen,kraftwerke,tagebaue,seite,55,berichten,flüssigen,mitteln,˛16,mrd˛•,beim,wertpapierbestand,˛10,mrd˛•,verzeichneten,dagegen,plus,wesentlich,beigetragen,kapitalerhöhung,august,2020,ausschlaggebend,dafür,eigenkapital,05,mrd˛•,180,mrd˛•,gestiegen,anteil,eigenkapitals,bilanzsumme,eigenkapitalquote,belief,291˛,18,prozentpunkte,mehr,2019,konzernbilanz,2020,weisen,uswindparks,stella,cranell,raymond,east,raymond,west,—zur,veräußerung,bestimmte,vermögenswerteﬁ,—zur,veräußerung,bestimmte,schuldenﬁ,anlage,wegen,seite,43,dargestellten,beteili,sgungsverkäufe,entkonsolidieren,abschluss,vorjahres,genann,ten,positionen,august,2020,verkaufte,beteiligung,slowakischen,energie,versorger,vse,erfasst,1an,investoren,2lagebericht,finanz,vermögenslage,3versicherung,gesetzlichen,vertreter,4konzernabschluss,5weitere,informationen,62,1,geänderte,vorjahreszahlen,infolge,nachträglicher,anpassungen,erstkonsolidierung,2019,übernommenen,erneuerbareenergiengeschäfts,eon,3112202031122019in,mio˛•,mio˛•,aktiva,langfristiges,vermögen,3446155935768559davon,immaterielle,vermögenswerte,491380477775sachanlagen1790229019016297kurzfristiges,vermögen,2720744128241441davon,forderungen,lieferungen,leistungen,300749362157forderungen,sonstige,vermögenswerte,1253020315311239wertpapiere,421968325851zur,veräußerung,bestimmte,vermögenswerte,104517127420gesamt,6166810006400910003112202031122019in,mio˛•,mio˛•,passiva,eigenkapital,1797129117467273langfristige,schulden,2728044226937421davon,rückstellungen,1947031618937296finanzverbindlichkeiten,395164392461kurzfristige,schulden,1641726719605306davon,rückstellungen,300449263841finanzverbindlichkeiten,124720168926verbindlichkeiten,lieferungen,leistungen,238739298747übrige,verbindlichkeiten,924015011781184zur,veräußerung,bestimmte,schulden5390951008gesamt,616681000640091000konzernbilanzstruktur,11an,investoren,2lagebericht,finanz,vermögenslage,3versicherung,gesetzlichen,vertreter,4konzernabschluss,5weitere,informationen,63,jahresabschluss,rwe,ag,stellt,jahresabschluss,vorschriften,handelsgesetzbuchs,aktiengesetzes,abschluss,bundesanzei,ger,verlag,gmbh,sitz,köln,eingereicht,bundesanzeiger,veröffentlicht,steht,internet,wwwrwecomfinanzberichte,verfügung,27,erläuterungen,jahres,abschluss,rwe,ag,holding,einzelabschluss,rwe,ag,maßgeblich,geschäftsverlauf,tochterunternehmen,beeinflusst,ergebnisabführungen,gesellschaften,2020,insgesamt,leicht,erhöht,rolle,spielte,dabei,gute,ertragslage,erneuerbareenergiengeschäft,rwe,supply˜˜trading,trotz,starker,handelsperformance,geringerem,maße,ergebnis,beitrug,2019,jahres,überschuss,rwe,ag,lag,580,mio˜•,vorjahresniveau,steigen,ausschüttung,aktionäre,beabsichtigen,hauptversammlung,april,2021,dividende,085˜•,je,aktie,vorzuschlagen,bilanz,rwe,ag,kurzfassung,mio˛•,3112202031122019aktiva,finanzanlagen,2052420628forderungen,verbundene,unternehmen,209410233übrige,forderungen,sonstige,vermögensgegenstände,5196056wertpapiere,flüssige,mittel,66642929gesamt,2980139846passiva,eigenkapital,78265738rückstellungen,19962237verbindlichkeiten,gegenüber,verbundenen,unternehmen,1890529213übrige,verbindlichkeiten,10742658gesamt,2980139846gewinn,verlustrechnung,rwe,ag,kurzfassung,mio˛•,20202019ergebnis,finanzanlagen,11141758zinsergebnis,œ˛7231,sonstige,erträge,aufwendungen,œ˛712œ˛1550steuern,einkommen,ertrag,250275,jahresüberschuss,580514einstellung,gewinnrücklagen,œ˛5œ˛22bilanzgewinn,575492vermögenslage,rwe,ag,wy,31,dezember,2020,bilanzsumme,298,mrd˛•,vergleich,398,mrd˛•,vorjahr,starken,rückgang,verzeich,neten,forderungen,verbindlichkeiten,gegenüber,verbundenen,unterneh,men,ergab,verschmelzung,zwei,tochterunternehmen,gegenüber,gesellschaft,zuge,tauschgeschäfts,eon,hohe,forderung,rwe,ag,entstanden,gegenüber,gesellschaft,hohe,verbindlichkeit,siehe,geschäftsbericht,2019,seite,68,verschmelzung,saldierten,beiden,posten,stark,verringert,übrigen,forderungen,hintergrund,eon,mitte,2020,teile,innogygeschäfts,rechtlich,rwe,zurückübertragen,1an,investoren,3,versicherung,gesetzlichen,vertreter,4,konzernabschluss,5,weitere,informationen,642,lagebericht,erläuterungen,jahres,abschluss,rweˆag,holding,diesbezüglichen,ansprüche,gegenüber,eon,weggefallen,gegenläufigen,einfluss,bilanzsumme,bestand,wertpapieren,flüssigen,mitteln,vergrößerte,schlug,kapitalerhöhung,august,buche,20,mrd˛•,vereinnahmten,hinzu,kam,tochtergesellschaften,rwe,ag,höhere,operative,cash,flow,erzielten,konzernmutter,weiterreichten,eigenkapital,rwe,ag,lag,daher,78,mrd˛•,deutlich,vorjahreswert,57,mrd˛•,eigenkapitalquote,144˛,263˛,gestiegen,finanzlage,rwe,ag,wirtschaftlich,solide,aufgestellt,verfügt,reihe,flexibel,einsetzbaren,finanzierungsinstrumenten,spiegelt,kreditratings,wider,bereich,—investment,gradeﬁ,liegen,ausführliche,informationen,finanzlage,rwe,finanzierungstätigkeit,berichtsjahr,finden,seite,59˛ffertragslage,ertragslage,rwe,ag,gegenüber,2019,leicht,verbessert,wesentlichen,posten,gewinn,verlustrechnung,folgendermaßen,entwickelt,ł,ergebnis,finanzanlagen,sank,644,mio˛•,1114,mio˛•,hintergrund,geringere,beteiligungserträge,erzielt,finanzanlagen,abgeschrieben,ergebnisabführungen,tochtergesellschaften,dagegen,leicht,gestiegen,u˛a,rwe,renewables,höhere,erträge,erwirtschaftete,15˛beteili,gung,eon,tochter,rwe,ag,gehalten,erstmals,dividende,vereinnahmt,gegenläufig,wirkte,rwe,supply˛˛trading,trotz,guten,handelsperformance,vorjahr,abschloss,deshalb,geringeres,ergebnis,abführte,ł,zinsergebnis,verschlechterte,103,mio˛•,œ˛72,mio˛•,ausschlaggebend,dafür,rückläufige,kapitalerträge,verwaltung,deckungsvermögens,pensionsverpflichtungen,ł,posten,—sonstige,erträge,aufwendungenﬁ,verbesserte,838,mio˛•,œ˛712,mio˛•,hintergrund,2019,hohe,wertberichtigung,finanzforde,rungen,niederländische,tochtergesellschaft,vorgenommen,rahmenbedingungen,steinkohleverstromung,ungünstiger,geworden,2020,wurde,restbetrag,abgeschrieben,allerdings,ergebnisbelastung,wesent,lich,geringer,vorjahr,leicht,erhöht,dagegen,aufwendungen,itprojekte,rwe,ag,ł,berichtsjahr,weisen,steuerertrag,250,mio˛•,vorjahr,275,mio˛•,entstanden,wesentlichen,dadurch,steuerliche,risiko,vorsorge,reduziert,ł,dargestellten,ergebniszahlen,summieren,jahresüberschuss,580,mio˛•,gegenüber,2019,plus,66,mio˛•,ł,bilanzgewinn,höhe,575,mio˛•,entspricht,geplanten,ausschüttung,aktionäre,höhe,085˛•,je,aktie,ausblick,2021,ertragsperspektiven,rwe,ag,hängen,maßgeblich,davon,ab,geschäftsaktivitäten,tochtergesellschaften,entwickeln,aktuelle,einschätzung,stimmt,zuversichtlich,jahresüberschuss,2021,2020,liegen,erklärung,unternehmensführung,§§˜289f,315d,hgb,vorstand,aufsichtsrat,rwe,ag,15,februar,2021,erklärung,unternehmens,führung,§§˛289f,315d,hgb,abgegeben,erklärung,veröffentlicht,wwwrwecomerklaerungzurunternehmensfuehrung,enthält,bericht,corporate,governance,1an,investoren,3versicherung,gesetzlichen,vertreter,4konzernabschluss,5weitere,informationen,652lagebericht,erläuterungen,jahres,abschluss,rweˆag,holding,jahr,2021,erwarten,weiterhin,gute,ertragslage,allerdings,kerngeschäft,wohl,deutlich,vorjahr,abschließen,extreme,wetterbedingungen,texas,februar,stillständen,windkraftanlagen,hohen,belastungen,zukauf,strom,geführt,außerdem,gehen,davon,energiehandel,hohes,ergebnis,2020,erreichen,außerhalb,kerngeschäfts,gestiegenen,margen,unserer,deutschen,braunkohle,kernkraftwerke,profitieren,insgesamt,erwarten,konzern,bereinigtes,ebitda,2650,3050,mio˜•,angesichts,günstigen,mittel,langfristigen,ertragsperspektiven,kerngeschäft,strebt,vorstand,rwe,ag,geschäftsjahr,2021,leicht,erhöhte,dividende,090˜•,experten,prognostizieren,kräftige,konjunkturerholung,trotz,fortgesetzter,lockdown,maßnahmen,schleppender,fortschritte,bekämpfung,coronapandemie,rechnen,meisten,wirtschaftsforschungsinstitute,2021,deutlichen,konjunk,turellen,erholung,aktuellen,prognosen,sehen,durchschnitt,anstieg,globalen,wirt,schaftsleistung,5˛,schätzungen,euroraum,liegen,ähnlicher,größenordnung,deutschland,niederlande,könnten,meinung,experten,plus,etwa,4˛,erreichen,perspektiven,großbritanniens,hängen,davon,ab,land,engen,wirtschaftsbeziehungen,eu,brexit,aufrechterhalten,fall,ja,anstieg,bruttoinlandsprodukts,5˛,erreichbar,usa,wachstum,rund,4˛,prognostiziert,steigender,stromverbrauch,erwartet,erwartungen,höhe,diesjährigen,stromverbrauchs,stützen,oben,dargestellten,konjunkturprognosen,deutliche,belebung,wirtschaft,höheren,strombedarf,niederschlagen,allerdings,dämpfenden,effekten,energieeinsparungen,rechnen,aktuell,gehen,davon,stromnachfrage,rwekernmärkten,deutschland,niederlande,großbritannien,usa,2,4˛,niveau,2020,liegen,stromproduktion,2021,bereits,größtenteils,termin,verkauft,künftige,preis,entwicklung,strommarkt,hängt,vielzahl,kaum,prognostizierbarer,faktoren,ab,diesjährigen,kraftwerksmargen,hätte,begrenzten,einfluss,erzeugung,2021,bereits,größtenteils,termin,verkauft,dafür,benötigten,brennstoffe,co,2emissions,rechte,preislich,abgesichert,transak,tionen,dreijährigem,vorlauf,getätigt,worden,dabei,realisierten,stromnotierungen,daher,deutlich,aktuellen,marktniveau,abweichen,strom,unserer,deutschen,braunkohle,kernkraftwerke,besonders,früh,termin,verkauft,jahr,2021,konnten,dabei,höhere,preise,realisieren,2020geänderter,ausweis,steuervergünstigungen,usa,beginn,geschäfts,jahres,2021,ändern,bilanzielle,erfassung,steuerlichen,vergünstigungen,usa,windkraft,solarprojekte,gewährt,seite,37,erläutert,erneuerbaren,energien,vereinigten,staaten,steuergutschriften,gefördert,darüber,hinaus,anlagenbetreiber,beschleunigten,abschrei,bungen,profitieren,sogenannten,tax,benefit,bislang,ertragssteu,ern,berücksichtigt,vorteile,steuergutschriften,erfassen,dagegen,sonstigen,betrieblichen,erträgen,konsistenzgründen,wenden,vorgehen,künftig,tax,benefit,bereinigte,ebitda,fällt,dadurch,höher,zweck,vergleichbarkeit,finanzberichterstattung,geschäfts,jahr,2021,entsprechend,angepasste,zahlen,2020,verwenden,28,prognosebericht,1an,investoren,2lagebericht,prognosebericht,3versicherung,gesetzlichen,vertreter,4konzernabschluss,5weitere,informationen,66,ausblick,mio˛•,2020,1prognose,2021,bereinigtes,ebitda,32872650˛œ˛3050davon,kerngeschäft,27281800˛œ˛2200davon,offshore,wind,10691050˛œ˛1250onshore,wind˛˛solar,52450˛œ˛250wasser˛˛biomasse˛˛gas,621500˛œ˛600energiehandel,539150˛œ˛350kohle˛˛kernenergie,559800˛œ˛900bereinigtes,ebit,18231150˛œ˛1550bereinigtes,nettoergebnis,1257750˛œ˛1100bereinigtes,ebitda,2021,2650,3050,mio˜•,veranschlagt,2021,erwarten,weiterhin,gute,ertragslage,allerdings,wohl,vorjahr,abschließen,u˛a,wegen,belastungen,segment,onshore,wind,solar,extrem,wetterlage,jahresbeginn,texas,zudem,rechnen,energiehandel,starken,performance,2020,ergebnisrückgang,stehen,margen,verbesserungen,stromterminverkäufen,gegenüber,denen,außerhalb,kerngeschäfts,segment,kohle˛˛kernenergie,profitieren,rwekonzern,2021,voraussichtlich,bereinigtes,ebitda,höhe,2650,3050,mio˛•,erzielen,vorjahreswert,lag,œ,inklusive,tax,benefit,œ,3287,mio˛•,kerngeschäft,prognostizieren,bereinigtes,ebitda,1800,2200,mio˛•,vorjahr,2728,mio˛•,erwarteten,betrieblichen,abschreibungen,rund,1500,mio˛•,dürfte,bereinigte,konzernebit,korridor,1150,1550,mio˛•,bewegen,vorjahr,1823,mio˛•,wesentliche,sondereinflüsse,bereinigte,nettoergebnis,veranschlagen,750,1100,mio˛•,gegenüber,1257,mio˛•,vorjahr,definition,kennzahl,siehe,seite,57,einzelnen,segmenten,ł,offshore,wind,bereinigte,ebitda,voraussichtlich,1050,1250,mio˛•,liegen,vorjahr,1069,mio˛•,positiv,wirkt,2021,ersten,turbinen,windparks,triton,knoll,an,netz,gehen,außerdem,rechnen,britischen,offshorewindpark,rampion,laufe,jahres,vollkonsolidieren,seite,42,erläutert,eon,aufstockung,anteils,windpark,20˛,501˛,vereinbart,allerdings,dürfte,entwicklung,neuer,projekte,mehraufwand,führen,normalisierten,windbedingungen,außerdem,schwächeren,auslastung,unserer,britischen,offshorewindparks,auszugehen,ł,onshore,wind˛˛solar,segment,voraussichtlich,bereinigtes,ebitda,50,250,mio˛•,erwirtschaften,vorjahreswert,abschließen,inklusive,tax,benefit,524,mio˛•,lag,ausschlaggebend,dafür,ergebnisbelastungen,infolge,wetterbedingten,ausnahmezustands,februar,usa,seite,46,dargelegt,machten,produktionsausfälle,infolge,winterstürmen,eisregen,kurz,fristige,stromkäufe,extrem,hohen,preisen,erforderlich,dabei,realisierten,verluste,liegen,niedrigen,mittleren,dreistelligen,millioneneurobereich,positive,ergebnis,effekte,erwarten,inbetriebnahme,neuer,windkraft,solaranlagen,außerdem,verkauf,anteilen,onshorewindparks,stella,cranell,raymond,east,raymond,west,buchgewinn,führen,stehen,erhöhte,aufwendungen,entwicklung,wachstumsprojekten,gegenüber,ł,wasser˛˛biomasse˛˛gas,2021,rechnen,segment,bereinigten,ebitda,500,600,mio˛•,vergleich,vorjahreswert,621,mio˛•,entspricht,rückgang,rolle,spielt,dabei,erträge,kommerziellen,optimierung,kraftwerkseinsatzes,voraussichtlich,hohen,niveau,2020,liegen,außerdem,entfällt,ergebnisbeitrag,holzpelletproduzenten,georgia,biomass,juli,2020,verkauft,allerdings,belastungen,wegfallen,vergangenen,jahr,wegen,brandschadens,kraftwerk,eemshaven,ergaben,1,teilweise,angepasste,werte,infolge,geänderten,erfassung,abschreibungsvergünstigungen,usa,siehe,erläuterung,vorherigen,seite,1an,investoren,2lagebericht,prognosebericht,3versicherung,gesetzlichen,vertreter,4konzernabschluss,5weitere,informationen,67,ł,energiehandel,rechnen,lange,sicht,jahresdurchschnittlichen,bereinigten,ebitda,größenordnung,250,mio˛•,2021,erwarten,wert,korridor,150,350,mio˛•,deutlich,hohen,vorjahresergebnis,539,mio˛•,abschließen,ł,kohle,kernenergie,bereinigte,ebitda,segment,veranschlagen,800,900,mio˛•,vorjahr,559,mio˛•,deutliche,anstieg,gegenüber,2020,ergibt,höheren,margen,beim,terminverkauf,unserer,stromproduktion,allerdings,rechnen,zusätzlichen,kosten,umsetzung,deutschen,kohleausstiegs,sachinvestitionen,deutlich,vorjahr,investitionen,sachanlagen,immateriel,le,vermögenswerte,wohl,wesentlich,höher,2020,2285,mio˛•,erhebliche,mittel,fließen,bau,offshorewindparks,triton,knoll,britischen,nordsee,kaskasi,nahe,helgoland,außerdem,positiver,investitionsentscheidung,arbeiten,offshorewindpark,sofia,östlich,englischen,küste,beginnen,weitere,investitionsschwerpunkte,onshorewindkraft,solarprojekte,usa,europa,außerhalb,kerngeschäfts,segment,kohle˛˛kernenergie,planen,sach,ausgaben,200,300,mio˛•,wesentlichen,instandhaltung,unserer,kraft,werke,tagebaue,dienen,nettoschulden,sollen,dreifache,bereinigten,ebitda,überschreiten,wichtige,steuerungsgröße,verhältnis,nettoschulden,bereinigten,ebitda,kerngeschäfts,leverage,factor,kennzahl,aussagekräftiger,absolute,höhe,verbindlichkeiten,ertragskraft,abstellt,œ,fähigkeit,schulden,bedienen,leverage,factor,ober,grenze,30,festgelegt,langfristig,einhalten,2021,gehen,davon,vorgabe,erfüllen,allerdings,leverage,factor,wohl,höher,2020,dividende,geschäftsjahr,2021,geschäftsjahr,2021,strebt,vorstand,gewinnausschüttung,je,aktie,höhe,090˛•,gegenüber,dividendenvor,schlag,2020,plus,005˛•,grund,geplante,anhebung,guten,mittel,langfristigen,ertragsperspektiven,kerngeschäft,1an,investoren,2lagebericht,prognosebericht,3versicherung,gesetzlichen,vertreter,4konzernabschluss,5weitere,informationen,68,verteilung,risikomanagementaufgaben,rwe,zuständig,risikomanage,ment,konzern,muttergesellschaft,rwe,ag,vorstand,überwacht,steuert,gesamtrisiko,konzernverbunds,außerdem,entscheidet,generelle,risikobereitschaft,definiert,obergrenzen,einzelne,risikopositionen,ebene,unterhalb,vorstands,obliegt,bereich,controlling˛˛risikomanagement,risikomanagementsystem,anzuwenden,weiterzuentwickeln,bereich,leitet,vorstand,festgelegten,risiko,obergrenzen,detaillierte,limite,einzelnen,geschäftsfelder,operativen,einheiten,ab,aufgaben,gehört,erfassten,risiken,vollständigkeit,plausibilität,prüfen,aggregieren,dabei,unterstützt,risikomanagement,ausschuss,leitern,folgender,fünf,bereiche,rwe,ag,zusammensetzt,controlling˛˛risikomanagement,vorsitz,finanzen˛˛kredit,risiko,rechnungswesen,recht˛˛versicherung,unternehmens,entwicklung,bereich,controlling˛˛risiko,manage,ment,berichtet,vorstand,aufsichtsrat,rwe,ag,regel,mäßig,risikolage,unternehmens,darüber,hinaus,folgende,organisationseinheiten,risikomanagementaufgaben,betraut,ł,finanzwirtschaftliche,risiken,kreditrisiken,rwe,ag,bereich,finanzen˛˛kreditrisiko,gesteuert,ł,bereich,rechnungswesen,gewährleisten,finanzberichterstattung,materiellen,fehler,enthält,nutzt,rechnungslegungsbezogenes,interne,kontroll,system,qualitätssicherung,finanz,bericht,erstattung,wirkt,komitee,verantwor,tlichen,rechnungswesens,weiterer,rechnungs,legungsrelevanter,bereiche,besteht,nähere,erläuterungen,finden,seite,78ł,bereich,interne,revision˛˛compliance,achtet,darauf,rweverhaltenskodex,eingehalten,hauptaufgabe,besteht,darin,korruption,vorzubeugen,berichtet,vorstandsvorsitzenden,rwe,ag,œ,sollten,mitglieder,stand,betroffen,œ,direkt,aufsichtsratsvorsitzenden,vorsitzenden,prüfungsausschusses,aufsichtsrats,ł,risiken,schwankungen,commoditypreisen,soweit,konven,tionelle,stromerzeugung,energiehandel,gasgeschäft,betreffen,rwe,supply˛˛trading,überwacht,beziehen,risiken,erneuerbare,energien,geschäft,liegt,zuständigkeit,rwe,renewables,ł,strategien,begrenzung,marktrisiken,konventionellen,stromerzeugung,dienen,müssen,commodity,managementkomitee,genehmigt,experten,kreis,setzt,finanzvorstand,rwe,ag,mitgliedern,geschäfts,führung,rwe,supply˛˛trading,vertreter,bereichs,controlling˛˛risiko,management,zusammen,risikolage,rwe,vergangenen,jahren,kontinuierlich,verbessert,entscheidend,dafür,transformation,führenden,anbieter,strom,erneuerbaren,energien,hohen,anteil,regulierter,erträge,geschäft,erzielen,lassen,profitabler,krisen,resistenter,geworden,außerdem,kommt,zugute,deutschen,kohle,ausstieg,festen,gesetzlichen,rahmen,gibt,planungssicherheit,braunkohlegeschäft,aktuellen,risiken,stufen,trotz,corona,pandemie,höchstens,—mittelﬁ,bewerten,steuern,mithilfe,bewährten,risikomanagementsystems,kapitel,eingehend,darstellen,29,entwicklung,risiken,chancen,1an,investoren,3versicherung,gesetzlichen,vertreter,4konzernabschluss,5weitere,informationen,692lagebericht,entwicklung,risiken,undˆchancen,1˛,ˇ,w,ˇ,10˛,10˛,w˛ˇ,20˛,20˛,w˛ˇ,50˛,50˛,w,eintrittswahrscheinlichkeit,w,geringes,risiko,mittleres,risiko,hohes,risiko,möglicher,schaden,1kategorie,v,kategorie,iv,kategorie,iii,kategorie,ii,kategorie,i,risikomatrix,rwe,ag,ł,gremium,begrenzung,marktrisiken,gibt,geschäft,erneuerbaren,energien,renewablescommoditymanagement,komitee,besteht,finanzvorstand,rwe,ag,mitgliedern,geschäftsführung,rwe,renewables,vertreter,bereichs,controlling˛˛risiko,management,ł,strategischen,leitlinien,verwaltung,finanzanlagen,inkl,rwe,pension,treuhand,e˛v,gehaltenen,mittel,bestimmt,assetmanagementkomitee,gehören,folgende,personen,finanzvorstand,rwe,ag,finanzen,ständige,geschäftsführer,rwe,supply˛˛trading,leiter,bereiche,finanzen˛˛kre,ditrisiko,investor,relation,portfolio,management˛˛mergers˛˛acquisitions,sowie,œ,letztgenannten,bereich,œ,leiter,abteilung,financial,asset,management,fachlicher,führung,genannten,organisationseinheiten,rwe,ag,operativen,tochtergesellschaften,dafür,verantwortlich,risiken,frühzeitig,erkannt,richtig,bewertet,zentralen,vorgaben,gesteuert,qualität,funktions,fähigkeit,risikomanage,mentsystems,regel,mäßig,internen,revision,begutachtet,vergangenen,jahr,interne,revisionssystem,wirtschafts,prüfungsgesellschaft,standard,idw,p,983,überprüft,zertifiziert,worden,erfassung,bewertung,risiken,risiken,chancen,definiert,negative,bzw,positive,abweichungen,planwerten,management,kontinuierlicher,vorgang,betrieblichen,abläufe,integriert,ermitteln,risiken,halbjahresrhythmus,mithilfe,bottomupanalyse,turnus,gemäßen,erhebungs,zeitpunkten,prüfen,risiko,lage,wesentliche,veränderungen,vorstand,rwe,ag,umgehend,mitgeteilt,führungs,aufsichtsgremien,lassen,pro,quartal,risiken,konzerns,informieren,analyse,risiken,bezieht,i˛d˛r,dreijahreszeitraum,unserer,mittelfrist,planung,einzelfällen,darüber,hinausreichen,möglichen,schaden,messen,anhand,auswirkungen,nettoergebnis,nettoschulden,eigenkapital,absicherungsmaßnahmen,z˛b,hedge,transaktionen,dabei,berücksichtigt,definieren,möglichen,schaden,abweichung,jeweiligen,planwert,kumuliert,dreijährigen,planungszeitraum,1,aggregiert,drei,jahre,mittelfristplanung,2021,2023,möglicher,schaden,1in,mio˛•,ergebnisrisiken,mögliche,auswirkung,nettoergebnis,x,verschuldungs˜˜eigenkapitalrisiken,mögliche,auswirkung,nettoschulden,eigenkapital,y,kategorie,v,8000,ˇ,x8000,ˇ,ykategorie,iv,1500,ˇ,x,8000,4000,ˇ,y,8000,kategorie,iii,600,ˇ,x,1500,2000,ˇ,y,4000,kategorie,ii,300,ˇ,x,600,1000,ˇ,y,2000,kategorie,i,x,300,y,1000,1an,investoren,3versicherung,gesetzlichen,vertreter,4konzernabschluss,5weitere,informationen,702lagebericht,entwicklung,risiken,undˆchancen,wesentlichen,risiken,stellen,matrix,dar,siehe,abbildung,vorherigen,seite,kategorisieren,anhand,potenziellen,schadens,höhe,eintrittswahrscheinlichkeit,mehrere,risiken,gleiche,ursache,möglichkeit,einzigen,risiko,zusammengefasst,eindeutige,zuordnung,matrixfeldern,vornehmen,schwellenwerte,nettoergebnis,nettoschulden,eigenkapital,definiert,risikotragfähigkeit,rwekonzerns,orientieren,tabelle,matrix,aufgeführt,je,position,matrix,stufen,risiken,gering,mittel,hoch,grundlage,systematischen,risikoerfassung,feststellen,handlungsbedarf,besteht,gegebenenfalls,entsprechende,maßnahmen,einleiten,wesentliche,risiken,rwekonzern,risiken,lassen,ursachen,sieben,klassen,einteilen,tabelle,rechts,oben,aufgeführt,dabei,entscheidet,höchste,einzelrisiko,darüber,risiko,gesamten,klasse,beigemessen,aktuell,stufen,risiken,maximal,—mittelﬁ,dagegen,vorjahr,hohes,regulatorisches,risiko,gesehen,ungewissheit,konditionen,deutschen,kohleausstiegs,herrschte,mitte,2020,verabschiedete,kohle,ausstiegsgesetz,öffentlichrechtlichen,vertrag,bundes,betroffenen,braunkohleunternehmen,liegt,klarer,rechtsrahmen,allerdings,eukommission,gesetzlichen,entschädigungen,frühzeitige,schließung,braun,kohleanlagen,beihilferechtlich,genehmigen,vorgesehenen,kompen,sationen,tatsächlichen,finanziellen,belastungen,deutlich,unterschreiten,zuversichtlich,ausgleichszahlungen,unzulässige,beihilfe,eingestuft,generell,auszuschließen,politische,druck,braunkohle,geschäft,zunimmt,deutsche,kohleausstieg,mehr,beschleunigt,regulatorischen,unwägbarkeiten,insgesamt,verringert,coronapandemie,neuer,unsicherheitsfaktor,hinzugekommen,möglichen,folgen,rwe,märz,2020,szenarioanalyse,modelliert,ergebnisse,november,aktualisiert,risiken,sehen,darin,neubauprojekte,verzögern,stark,verringerte,wirtschaftsaktivität,strommarktpreise,dämpft,beides,bereits,bereits,erwähnt,liegt,fokus,beschriebenen,risikoanalyse,dreijah,reszeitraum,unserer,mittelfristplanung,empfehlungen,expertenkommission,—task,force,on,climaterelated,financial,disclosuresﬁ,tcfd,jahr,2017,sollen,unternehmen,weit,darüber,hinausreichende,zeithorizonte,visier,nehmen,klimabezogene,risiken,erheben,bewerten,rwe,folgt,vorschlägen,tcfd,tun,erläutern,nachhaltigkeitsbericht,2020,april,2021,erscheint,wwwrwecomnachhaltigkeitsbericht,abgerufen,folgenden,erläutern,wesentlichen,risiken,chancen,beiden,kommenden,jahre,identifiziert,zeigen,maßnahmen,gefahr,negativer,entwicklungen,begegnen,risikoklassen,einstufung,höchsten,einzelrisikos,3112202031122019marktrisiken,mittel,mittel,regulatorische,politische,risiken,mittel,hochrechtliche,risiken,geringgeringoperative,risiken,mittel,mittel,finanzwirtschaftliche,risiken,mittel,mittel,bonität,geschäftspartnern,mittel,mittel,sonstige,risiken,mittel,gering2020,beobachten,negative,preiseffekte,betreffen,konventio,nellen,kraftwerke,windparks,deren,strom,teilweise,fixen,konditionen,abgesetzt,daher,ebenfalls,marktrisiko,tragen,risiko,wegen,coronabedingter,margenverschlechterungen,wertberichtigungen,vornehmen,müssen,erfassen,—sonstigen,risikenﬁ,einstufung,risikoklasse,deshalb,—niedrigﬁ,—mittelﬁ,angepasst,1an,investoren,3versicherung,gesetzlichen,vertreter,4konzernabschluss,5weitere,informationen,712lagebericht,entwicklung,risiken,undˆchancen,ł,marktrisiken,meisten,ländern,denen,aktiv,energiesektor,freie,preisbildung,gekennzeichnet,fallende,notierungen,stromgroßhandelsmärk,ten,führen,erzeugungsanlagen,wirtschaftlichkeit,einbüßen,betrifft,erneuerbareenergien,anlage,festen,einspeisevergütungen,gefördert,negative,preis,entwicklungen,wertberichtigungen,erforderlich,œ,ausnahmen,abgesehen,œ,ebenfalls,marktrisiken,erfassen,strom,gasbezugsverträgen,deren,konditionen,entwicklung,großhandelspreise,gekoppelt,besteht,gefahr,mehr,produkt,bezahlen,weiterverkauf,einnehmen,gegebenenfalls,müssen,rückstellungen,bilden,risiko,sehen,u˛a,beiden,2005˛˛2006,abgeschlossenen,verträgen,strombezüge,steinkohlekraft,werk,datteln,4,deutschen,energiekonzern,uniper,betriebene,anlage,2020,betrieb,genommen,worden,zehn,jahre,später,geplant,vergeblich,rechts,mittel,fortführung,kontrakte,eingelegt,aktuell,verhandeln,uniper,einzelne,vertragliche,konditionen,erwägen,zusammenhang,weitere,juristische,schritte,fall,langfristigen,gasbezugsvertrags,gazprom,gibt,regelmäßige,revisionstermine,denen,russischen,energiekonzern,anpassungen,konditionen,aktuelle,marktlage,verhandeln,ver,gangenheit,dadurch,ergebnisrisiko,kontrakt,wirksam,begrenzt,auszuschließen,künftige,revisionsergebnisse,erwartungen,zurückbleiben,ebenso,besteht,chance,günstigere,konditionen,angenommen,durchsetzen,preisrisiken,beschaffungs,absatzmärkten,bewerten,anhand,aktueller,notierungen,terminhandel,erwarteter,volatilitäten,kraftwerke,begrenzen,risiken,dadurch,strom,größtenteils,termin,verkaufen,dabei,erzeugung,benötigten,brennstoffe,co,2emissionsrechte,preis,lich,absichern,risiken,commodity,positionen,verringern,setzen,finanz,instrumente,konzernabschluss,instrumente,œ,begrenzung,zins,währungsrisiken,dienen,œ,zumeist,ausweis,bilanzieller,sicherungsbeziehungen,abgebildet,nähere,ausführungen,finden,seite,118,anhang,beim,management,commoditypreisrisiken,übernimmt,rwe,supply˛˛trading,zentrale,rolle,gesell,schaft,schnittstelle,konzerns,weltweiten,groß,handelsmärkten,strom,energierohstoffe,auftrag,rechnung,kraft,werksgesellschaften,vermarktet,große,teile,unserer,erzeugungsposition,kauft,stromproduktion,notwendigen,brennstoffe,co,2zertifikate,dadurch,rwe,supply˛˛trading,interner,trans,aktions,partner,agiert,risiken,preis,schwankungen,energiemärkten,leichter,begrenzen,handelsgeschäfte,dienen,ding,ausschließlich,risikominderung,risikolimite,begrenzten,umfang,geht,rwe,supply˛˛trading,commodity,positionen,gewinne,erzielen,risikomanagementsystem,energiehandel,eng,bestpracticeregelun,gen,angelehnt,handel,geschäfte,banken,gelten,gehört,trans,aktionen,dritten,abgeschlossen,verbundenen,risiken,innerhalb,genehmigter,grenzen,bewegen,richtlinien,geben,commodity,preisrisiken,zusammenhängenden,kredit,risiken,umzugehen,tochtergesellschaften,überwachen,commoditypositionen,fortlaufend,risiken,reinen,handelsgeschäften,rwe,supply˛˛trading,unterliegen,täglichen,kontrolle,zentraler,bedeutung,risikomessung,handel,finanzbereich,value,at,risk,var,gibt,wert,mögliche,verlust,risikoposition,bestimmten,wahrscheinlichkeit,definierten,zeitspanne,überschrei,tet,varwerten,rwe,liegt,generell,konfidenzniveau,95˛,betrach,tungszeitraum,tag,zugrunde,heißt,var,stellt,tagesverlust,dar,wahrscheinlichkeit,95˛,überschritten,var,preisrisiken,commoditypositionen,handelsgeschäft,rwe,supply˛˛trading,bestimmtes,tageslimit,einhalten,abgelaufenen,geschäftsjahr,maximal,40,mio˛•,zulässig,höchste,tatsächliche,tageswert,lag,32,mio˛•,jahresdurchschnittswert,18,mio˛•,daneben,gibt,limite,einzelnen,handelstische,oben,genannten,varobergrenze,abgeleitet,außerdem,loten,stresstests,extremszenarien,ermitteln,deren,mögliche,auswirkungen,ertragslage,steuern,risiken,hoch,halten,1an,investoren,3versicherung,gesetzlichen,vertreter,4konzernabschluss,5weitere,informationen,722lagebericht,entwicklung,risiken,undˆchancen,management,gasportfolios,geschäft,verflüssigtem,erdgas,lng,eigenen,organisa,tionseinheit,rwe,supply˛˛trading,gebündelt,aktivitäten,lag,vartageslimit,vergangenen,jahr,14,mio˛•,spielraum,wurde,maximal,höhe,12,mio˛•,ausgeschöpft,jahresdurchschnittliche,var,betrug,6,mio˛•,mithilfe,varkonzepts,messen,stark,commoditypreisrisiken,denen,außerhalb,handelsgeschäfts,ausgesetzt,bereinigte,ebitda,rwekonzerns,auswirken,ermitteln,commodityrisiko,positionen,einzelgesellschaften,gesamtrisiko,ergibt,rwe,haupt,sächlich,stromproduktion,2021,großteil,unserer,erzeugungsposition,bereits,preislich,abgesichert,chancen,zusätzliche,erträge,bieten,dadurch,einsatz,unserer,kraftwerke,flexibel,kurzfristige,marktentwicklungen,anpassen,britischen,erzeugungsgeschäft,hängt,ertrags,lage,entwick,lung,preise,strom,brennstoffe,emissionsrechte,ab,höhe,prämien,teilnahme,nationalen,kapazitätsmarkt,erhalten,vergütungen,jährlichen,auktionen,ermittelt,je,angebot,nachfrage,unterschiedlich,hoch,ausfallen,siehe,seite,45,marktrisiken,gasspeichergeschäft,ausgesetzt,seite,27,dargestellt,hängen,erzielbaren,margen,hohem,maße,volatilität,gaspreise,ab,kurzfristigen,saisonalen,preisdifferenzen,groß,lassen,ausnutzen,unterschiede,hohe,erträge,erzielen,œ,niedrig,fallen,erträge,gering,deutsche,gasspeichergeschäft,derzeit,kapazitäten,hohem,margendruck,geprägt,zuversichtlich,marktbedingungen,längere,sicht,verbessern,sollten,ver,schlechtern,müssten,gegebenenfalls,außerplanmäßige,abschreibungen,speicher,vornehmen,größten,marktrisiken,liegen,unverändert,kate,gorie,—mittelﬁ,ł,regulatorische,politische,risiken,ambitionierte,emissionsminderungsziele,regierungen,kernmärkten,wiederholt,regulatorischen,eingriffen,energiesektor,veranlasst,jüngstes,beispiel,seite,37˛f,erläuterte,deutsche,kohle,ausstiegsgesetz,schrittweise,beendigung,kohleverstromung,spä,testens,2038,vorsieht,vorzeitige,schließung,unserer,braunkohleanlagen,sollen,ausgleichszahlungen,höhe,26,mrd˛•,erhalten,tatsächlicher,schaden,deutlich,höher,dennoch,halten,gesetzesregelung,akzeptabel,dadurch,mehr,planungssicherheit,braunkohlegeschäft,regulatorischen,politischen,risiken,stufen,mehr,—hochﬁ,—mittelﬁ,braunkohlekompensationen,müssen,eu,beihilferechtlich,genehmigt,wer,trotz,neuen,gesetzes,lässt,ausschließen,politik,druck,braunkohlewirtschaft,erhöht,etwa,einführung,co,2mindestpreisen,festlegung,extrem,restriktiver,grenzwerte,schadstoffemissionen,ambitionier,tere,klimaschutzziele,2030,könnten,überdies,führen,nächste,bundes,regierung,kohleausstieg,beschleunigt,niederlanden,kohleausstieg,bereits,2019,gesetzlich,verankert,worden,danach,dürfen,kraftwerke,1990erjahren,spätestens,ab,2025,kohle,mehr,nutzen,anlage,jüngeren,baudatums,gilt,verbot,ab,2030,kraftwerke,amer,9,eemshaven,bedeutet,ende,2024,bzw,ende,2029,verstro,mung,steinkohle,einstellen,müssen,deutschland,entschädi,gungen,vorgesehen,risiken,kohleverstromung,schon,frühzeitig,dadurch,begrenzt,amer,9,eemshaven,mitverbrennung,biomasse,umgerüstet,investitionsausgaben,mehraufwand,brenn,stoffbeschaffung,erhalten,staatliche,fördermittel,zusätzlichen,kosten,umrüstung,100˛,biomassenutzung,lassen,weitem,abde,cken,gesetzliche,kohleausstieg,somit,führen,anlage,zeitig,schließen,müssen,deshalb,sehen,eigentumsrechte,verletzt,regierung,ausgleich,unserer,finanziellen,nachteile,aussicht,gestellt,februar,2021,schiedsgerichtsverfahren,niederlande,energiechartavertrag,beim,international,centre,for,settlement,of,investment,dispute,washington,beantragt,1an,investoren,3versicherung,gesetzlichen,vertreter,4konzernabschluss,5weitere,informationen,732lagebericht,entwicklung,risiken,undˆchancen,risiken,kernenergie,ausgesetzt,allerdings,wesentlich,geringerem,umfang,früher,seit,mitte,2017,deutschen,kernenergiefonds,dotiert,trägt,staat,gesamtverantwortung,endlagerung,unserer,radioaktiven,abfälle,entsorgungsaufgaben,zuständigkeits,bereich,verblieben,ergeben,weiterhin,kostenrisiken,beispielsweise,lässt,ausschließen,rückbau,kernkraftwerke,teurer,veran,schlagt,rückstellungen,dafür,aufstocken,müssen,sehen,chance,synergien,kosteneinsparungen,obwohl,erneuerbareenergiengeschäft,relativ,stabile,rahmenbedin,gungen,breite,gesellschaft,liche,akzeptanz,auszeichnet,gibt,ebenfalls,unwägbarkeiten,anpassungen,staatlichen,fördersysteme,führen,erziel,baren,ver,gütungen,verringern,neue,projekte,mehr,attraktiv,investitionsvorhaben,müssen,möglicherweise,abgebrochen,denkbar,fest,zugesagte,staatliche,vergütungen,nachträglich,gekürzt,dialog,politik,weisen,darauf,unternehmen,schaffung,nachhaltigen,klimafreundlichen,energie,infrastruktur,investieren,verlässliche,rahmen,bedingungen,benötigen,innerhalb,bestehenden,regulatorischen,rahmens,risiken,ausgesetzt,z˛b,genehmigungen,bau,betrieb,produktionsanlagen,betrifft,tagebaue,kraftwerke,windparks,besteht,gefahr,genehmigungen,verspätet,gar,erteilt,bereits,erteilte,geneh,migungen,vorübergehend,endgültig,entzogen,bestimmte,gesetzliche,regelungen,betreffen,unterschiedlich,ausgelegt,bedürfen,deshalb,juristischen,klärung,beispiel,dafür,sogenannte,eigenstromprivileg,danach,müssen,strom,deutschen,kraftwerken,tagebauen,verbrauchen,umlage,erneuerbareenergiengesetz,eeg,entrichten,rechtslage,nutzung,eigen,stromprivilegs,allerdings,unscharf,u˛a,hinblick,eegbefreiung,gepach,teten,anlage,besteht,gefahr,möglichkeiten,eigenstromprivileg,profitieren,höchstrichterlich,beschränkt,gegebenenfalls,sogar,nachzahlungen,vergangene,jahre,leisten,trotz,genannten,unwägbarkeiten,gesamteinstufung,unserer,regulatori,schen,politischen,risiken,—hochﬁ,—mittelﬁ,verbessert,ausschlaggebend,dafür,klarer,rahmen,deutschen,kohleausstieg,geschaffen,wurde,ł,rechtliche,risiken,einzelne,unternehmen,rwe,konzerns,geschäfts,betrieb,m˛˛atransaktionen,gerichtsprozesse,schieds,verfahren,involviert,mitunter,außer,gerichtliche,ansprüche,geltend,gemacht,darüber,hinaus,konzerngesellschaften,verschiedenen,behördlichen,verfahren,direkt,beteiligt,zumindest,deren,ergebnissen,betroffen,mögliche,verluste,schwebenden,verfahren,ordentlichen,gerichten,schiedsgerichten,œ,soweit,erforderlich,œ,rückstellungen,gebildet,risiken,zudem,freistellungen,garantien,ergeben,erwerbern,beim,verkauf,beteiligungen,eingeräumt,freistellungen,erreicht,verkäufer,risiken,aufkommt,rahmen,vorvertraglichen,unternehmens,prüfung,erkannt,wurden,denen,unklar,eintreten,gegensatz,decken,garantien,risiken,ab,veräußerungszeitpunkt,unbekannt,beschriebenen,absicherungsinstrumente,standard,beim,verkauf,gesell,schaften,beteiligungen,derzeit,sehen,geringe,rechtliche,risiken,einschätzung,gegenüber,vorjahr,verändert,ł,operative,risiken,rwe,betreibt,technologisch,komplexe,vernetzte,produktionsan,lagen,z˛b,konventionelle,kraftwerke,windparks,schäden,außerplanmäßigen,stillständen,erhebliche,ergebniseinbußen,möglich,zuletzt,außer,gewöhnlichen,kältewelle,usbundesstaat,texas,gezeigt,siehe,seite,46,produktionsanlagen,gebaut,modernisiert,verzögerungen,entstehen,kosten,unplanmäßig,steigen,etwa,infolge,unfällen,materialfehlern,verspäteten,1an,investoren,3versicherung,gesetzlichen,vertreter,4konzernabschluss,5weitere,informationen,742lagebericht,entwicklung,risiken,undˆchancen,zulieferungen,ungünstigen,wetterbedingungen,zeitaufwendigen,genehmigungs,verfahren,fällen,besteht,risiko,anlage,teurer,ergebnisbeiträge,später,geplant,einstellen,erneuerbareenergienprojekten,verzögerungen,nachteilig,förderhöhe,auswirken,beschrie,benen,risiken,begegnen,sorgfältigen,betriebs,projektmanagement,sowie,hohen,sicherheitsstandards,darüber,hinaus,warten,anlage,regelmäßig,schließen,œ,soweit,wirtschaftlich,sinnvoll,œ,versicherungen,ab,vergangenen,geschäftsjahr,konnten,zeitpläne,fällen,eingehalten,u˛a,wegen,coronapandemie,betraf,hauptsächlich,onshorewindkraft,projekte,usa,anlage,ende,2020,betrieb,genommen,konnten,bestand,risiko,kürzung,steuerlichen,förderung,allerdings,usregierung,angesichts,besonderen,umstände,fristen,verlängert,soda,2021,fertiggestellte,windparks,volle,förderung,erhalten,siehe,seite,37,wegen,unserer,abhängigkeit,zulieferern,allerdings,weiteren,projektverzögerun,gen,kommen,betrieb,unserer,anlage,coronakrise,bislang,geringe,auswirkungen,dank,umfangreicher,präventivmaßnahmen,vorausschauender,notfallpläne,konnten,wesentlichen,operativen,prozesse,aufrechterhalten,ange,sichts,erfolge,entwicklung,impfstoffen,zuversichtlich,breitung,infektion,bald,stark,eingedämmt,solange,lage,erfordert,schutzmaßnahmen,fortführen,verlagerung,unserer,stromproduktion,regenerative,quellen,windkraft,sonnenenergie,erhöhen,witterungseinflüsse,geschäft,beispiels,weise,längere,schwachwindphasen,führen,erzeugungsmengen,erträge,windkraftanlagen,einzelnen,geschäftsjahren,deutlich,planwerten,zurückbleiben,begrenzen,witterungseinfluss,konzernergebnis,u˛a,dadurch,geschäft,regional,diversifizieren,dadurch,steigt,wahr,scheinlichkeit,ungünstige,meteorologische,bedingungen,standort,günstige,kompensiert,rwe,erneuerbaren,energien,ambitionierte,wachstumsziele,gesetzt,investitionsbudgets,deutlich,aufgestockt,neubauvorhaben,akquisitionen,achten,darauf,renditeanforderungen,erfüllen,dennoch,ausschließen,projekterträge,erwartungen,zurückbleiben,akquisitionen,gezahlte,preis,nachhinein,hoch,erweist,insbesondere,zunehmende,wettbewerb,gebiet,erneuerbaren,energien,teilig,erzielbaren,projekterträge,auswirken,bereiten,investitionsent,scheidungen,mithilfe,umfassender,analysen,denen,finanziellen,strategischen,auswirkungen,realitätsnah,abgebildet,außerdem,gibt,rwe,differenzierte,zuständigkeitsregelungen,genehmigungsprozesse,vorbereitung,umsetzung,entscheidungen,einzuhalten,geschäftsprozesse,sichere,informa,tionsverarbeitungssysteme,unterstützt,gleichwohl,ausschließen,mängel,verfügbarkeit,itinfrastruktur,datensicherheit,auftreten,hohe,sicherheitsstandards,sollen,vorbeugen,darüber,hinaus,investieren,regelmäßig,modernisierung,hardware,software,trotz,coronabedingter,unwägbarkeiten,liegen,operativen,risiken,vorjahr,kategorie,—mittelﬁ,ł,finanzwirtschaftliche,risiken,veränderungen,finanzwirtschaftlicher,kennzahlen,zinsen,währungskurse,wertpapierkurse,inflationsraten,erhebliche,auswir,kungen,vermögens,ertragslage,zinsrisiken,mehrfacher,hinsicht,ausgesetzt,beispielsweise,anstieg,marktzinsen,führen,kurse,wertpapieren,bestand,sinken,gilt,erster,linie,festverzins,liche,anleihen,var,zinsbedingte,kursrisiko,kapitalanlagen,rwe,ag,lag,vergangenen,jahr,durchschnittlich,39,mio˛•,steigen,zinsen,erhöhen,finanzierungskosten,risiko,messen,cash,flow,at,risk,cfar,dabei,legen,konfidenzniveau,95˛,haltedauer,jahr,zugrunde,cfar,belief,2020,durchschnittlich,250,mio˛•,1an,investoren,3versicherung,gesetzlichen,vertreter,4konzernabschluss,5weitere,informationen,752lagebericht,entwicklung,risiken,undˆchancen,marktzinsniveau,beeinflusst,außerdem,höhe,unserer,rückstellungen,abzinsungsfaktoren,ermittlung,verpflichtungsbarwerte,orientieren,heißt,gleichen,bedingungen,steigen,rückstellungen,marktzinsen,fallen,verringern,marktzinsen,steigen,seite,154˛ff,anhang,stellen,dar,stark,veränderungen,zinsen,barwerte,unserer,pensionsverpflichtungen,kernenergie,bergbaurückstellungen,auswirken,neben,zinsen,allgemeine,preisniveau,einfluss,höhe,rück,stellungen,zunehmender,inflation,verpflichtungsbarwerte,deutlich,oben,anpassen,müssen,nachteilig,preissteigerungen,insbesondere,überdurchschnittlich,stark,branchen,auftreten,denen,produkte,dienstleistungen,entsorgung,kernenergiebereich,rekultivierung,tagebauflächen,beziehen,wechselkursrisiken,ergeben,wegen,unserer,geschäftstätigkeit,großbritannien,usa,außerdem,energieträger,kohle,öl,usdollar,gehandelt,gesellschaften,operativ,rwe,ag,geführt,lassen,währungsrisiken,steuern,konzernmutter,aggregiert,risiken,nettofinanzposition,je,währung,sichert,nötigenfalls,ab,fremdwäh,rungsposition,rwe,ag,2020,durchschnittlichen,var,12,mio˛•,ermittelt,wertpapieren,bestand,zählen,typischerweise,aktien,aktuell,halten,15˛beteiligung,eon,ende,2020,marktwert,36,mrd˛•,daher,kursveränderungen,eonaktie,wesentlichen,einfluss,finanzkraft,risiken,chancen,veränderungen,wertpapierkursen,steuern,professionelles,fonds,management,finanzgeschäfte,konzernunternehmen,gibt,handlungsrahmen,verantwortlichkeiten,kon,trollen,richtlinien,verankert,sämt,liche,finanzgeschäfte,speziellen,software,erfasst,rwe,ag,überwacht,sicherheiten,termintransaktionen,stellen,bergen,risiken,höhe,sicherheiten,hängt,davon,ab,stark,vertraglich,vereinbarten,preise,marktnotierungen,jeweiligen,stichtag,abweichen,differenzen,erheb,lich,energienahen,commodity,z˛b,co,2emissionsrechten,zuletzt,deutliche,marktpreisschwankungen,beobachten,u˛a,infolge,coronakrise,preisausschlägen,beträchtliche,kurzfristige,mittelabflüsse,möglich,zugleich,bietet,chance,hohe,sicherheitsleistungen,kontraktpartnern,erhalten,œ,verbunden,temporären,erhöhung,eigenkapitals,konditionen,fremdkapitalmarkt,re,finanzieren,hängt,u˛a,davon,ab,bonität,internationale,ratingagenturen,bescheinigen,seite,60,erläutert,sehen,moody™s,fitch,kreditwürdigkeit,kategorie,—investment,gradeﬁ,sollten,agenturen,bonitätsnote,senken,könnten,zusätz,liche,kosten,anfallen,fremd,kapital,aufnehmen,liquiditätsbedarf,besicherung,termingeschäften,dadurch,wahrscheinlich,erhöhen,szenario,halten,unwahrscheinlich,beide,ratingagenturen,vertreten,auffassung,rwe,transformation,führenden,erneuerbare,energienunternehmen,finanziell,stabiler,geworden,moody™s,rating,ausblick,märz,2020,—positivﬁ,hochgestuft,soda,chance,sehen,günstigere,bonitätsnote,erhalten,einschätzung,unserer,kreditwürdigkeit,ratingagenturen,banken,kapital,anleger,hängt,u˛a,höhe,unserer,nettoschulden,ab,ziel,gesetzt,mehr,dreimal,hoch,sollen,bereinigte,ebitda,kerngeschäfts,wegen,unserer,umfangreichen,investitionen,ausbau,erneuerbaren,energien,fall,eintreten,nettoschulden,vorübergehend,plan,liegen,betrifft,insbesondere,geschäftsjahre,unterdurchschnittlichen,mittelzuflüssen,laufenden,geschäftstätigkeit,verkauf,projekt,anteilen,dennoch,zuversichtlich,verschuldung,durchgängig,zielkorridor,halten,dabei,hilft,zusätzliche,finanzielle,spielraum,kapitalerhöhung,august,2020,gewonnen,1an,investoren,3versicherung,gesetzlichen,vertreter,4konzernabschluss,5weitere,informationen,762lagebericht,entwicklung,risiken,undˆchancen,stufen,finanzwirtschaftlichen,risiken,—mittelﬁ,einschätzung,seit,vergangenen,jahr,geändert,ł,bonität,geschäftspartnern,geschäftsbeziehungen,großkunden,lieferanten,handelspartnern,finanzinstituten,ergeben,kreditrisiken,verfol,gen,entwicklung,bonität,unserer,trans,aktions,partner,zeitnah,beurteilen,kreditwürdigkeit,geschäftsbeziehung,anhand,interner,externer,rating,transaktionen,bestimmte,größenordnungen,überschreiten,sämt,lichen,handelsgeschäften,gibt,kreditlimit,abschluss,festlegen,nötigenfalls,anpassen,etwa,veränderungen,bonität,geschäftspartners,mitunter,lassen,barsicherheiten,stellen,bankgarantien,geben,kreditrisiken,auslastungen,limite,messen,handel,finanzbereich,täglich,außerbörslichen,handelsgeschäften,vereinbaren,sicherheitsleistungen,außerdem,greifen,rahmenverträge,zurück,z˛b,european,federation,of,energy,trader,finanzderivaten,nutzen,deutschen,rahmenvertrag,finanztermin,geschäfte,rahmenvertrag,international,swap,and,derivative,association,coronakrise,viele,unternehmen,wirtschaftliche,schwierigkeiten,gebracht,möglicherweise,geschäftspartner,rwe,daher,beobachtung,kritischer,wirtschaftszweige,intensiviert,außerdem,agieren,großer,vorsicht,neue,geschäftsbeziehungen,eingehen,bestehende,verlängern,räumen,kunden,gegebenenfalls,niedrigere,kreditlimite,wesentliche,finanzielle,einbußen,coronabedingte,insolvenzen,erwarten,derzeit,risiken,bonität,geschäftspartnern,gehen,weiterhin,kate,gorie,—mittelﬁ,hinaus,ł,sonstige,risiken,risikoklasse,erfassen,u˛a,potenziellen,auswirkungen,reputationsschäden,complianceverstößen,kriminellen,handlungen,außerdem,berücksichtigen,risiko,corona,bedingte,verringerung,energie,bedarfs,längerfristig,niedrigen,strompreisen,führt,deshalb,außerplanmäßige,abschreibungen,erzeugungsanlagen,vornehmen,müssen,sonstigen,risiken,deshalb,—niedrigﬁ,—mittelﬁ,gestiegen,risiken,chancen,rwe,gesamtbeurteilung,unternehmensleitung,vergangenen,jahren,risikolage,rwekonzerns,stark,verbessert,tauschgeschäft,eon,2020,erfolgreich,abschließen,konnten,führendes,unternehmen,gebiet,erneuerbaren,energien,geworden,anteil,stabiler,regulierter,erträge,deutlich,erhöht,finanziell,robuster,gemacht,schrittweise,verlagerung,erzeugungsportfolios,fossilen,regenerativen,energieträgern,hilft,außerdem,dabei,politischen,regulatori,schen,risiken,begrenzen,ziel,klimaneutralität,2040,signalisieren,dekarbonisierung,energiewirtschaft,vorantreiben,stärken,akzeptanz,politikern,kapitalgebern,kunden,weiteren,anspruchs,gruppen,ausführungen,kapitel,zeigen,gibt,aktuell,risiko,mehr,hoch,einstufen,deutsche,kohleausstiegsgesetz,darin,verankerten,kompensationsansprüche,gegenüber,bund,unsicherheit,hinblick,zukunft,unserer,braunkohlewirtschaft,deutlich,verringert,vorjahr,hohes,risiko,gesehen,ausbruch,coronakrise,rwe,bislang,begrenztem,umfang,betroffen,pandemie,führte,u˛a,projektverzögerungen,virus,absehbare,zeit,wirksam,bekämpft,drohen,weitere,verspätungen,außerdem,besteht,gefahr,verringerte,wirtschaftsaktivität,niedrigen,strompreisen,einhergeht,dadurch,einbußen,erzeugungsmargen,hinnehmen,müssen,pandemiebedingten,risiken,stufen,maximal,mittel,dabei,erweist,mehr,vorteil,erneuerbareenergien,geschäft,starke,krisenresistente,ertragssäule,verfügen,hohen,investitionen,neue,windkraft,solaranlagen,säule,tragfähiger,gleichzeitig,sorgt,solides,finanzmanagement,dafür,rwe,sicherem,kurs,bleibt,auswirkungen,risiken,liquidität,analysieren,konservative,finanzierungsstrategie,verfolgen,gewährleisten,zahlungs,verpflichtungen,fristgerecht,erfüllen,verfügen,erhebliche,flüssige,mittel,großen,fremdfinanzierungsspielraum,debtissuanceprogramm,commercialpaperprogramm,syndizierte,kreditlinie,siehe,seite,59,dank,1an,investoren,3versicherung,gesetzlichen,vertreter,4konzernabschluss,5weitere,informationen,772lagebericht,entwicklung,risiken,undˆchancen,kapitalerhöhung,august,2020,finanziell,flexibler,aufgestellt,liquidität,planen,vorausschauend,basis,kurz,mittel,langfristigen,finanz,bedarfe,konzerngesellschaften,halten,hohe,mindestliquidität,täglicher,basis,dank,unserer,maßnahmen,nachhaltigen,sicherung,unserer,finanz,ertragskraft,umfassenden,risikomanagementsystems,sehen,lage,aktuell,erkennbaren,risiken,rwe,beherrschen,zugleich,schaffen,vorausset,zungen,dafür,zukunft,gewährleisten,rechnungslegungsbezogenes,interne,kontrollsystem,angaben,§§˜289,ab,4,315,ab,4,hgb,finanzberichterstattung,besteht,risiko,falschdarstel,lungen,wesentlichen,einfluss,entscheidungen,adressaten,beispielsweise,hoch,ausgewiesenes,ergebnis,führen,kapitalanleger,unternehmen,investieren,rweverhaltenskodex,verpflichtet,öffentlichkeit,übereinstimmung,kapitalmarktrechtlichen,vorschriften,vollständig,sachlich,korrekt,verständlich,zeitnah,informieren,vielzahl,instrumenten,versuchen,anspruch,gerecht,angeführt,seien,u˛a,konzernweit,gültige,bilanzierungsrichtlinie,hohen,mindest,standard,itsysteme,denen,rechnungslegungsbezogene,daten,erheben,verarbeiten,qualitätssicherung,nutzen,außerdem,rechnungslegungsbezogenes,interne,kon,trollsystem,kurz,iks,iks,zielt,darauf,ab,fehler,falschdarstellungen,verhindern,nichteinhaltung,rechnungslegungsvorschriften,ergeben,ausgestaltung,internen,kontrollsystems,überprüfung,wirksamkeit,liegen,verantwortung,bereichs,rechnungswesen,rwe,ag,wahrnehmung,aufgaben,bereich,konzernweit,gültiges,regelwerk,zurückgreifen,außerdem,ikskomitee,unterstützt,gremium,darauf,hinwirken,interne,kontrollsystem,gesamten,konzern,hohen,ansprüchen,korrektheit,transparenz,einheitlichen,grundsätzen,gelebt,ikskomitee,besteht,vertretern,bereiche,rechnungswesen,controlling˛˛risikomanagement,sowie,interne,revision˛˛compliance,hinzu,kommen,verantwortliche,funktionen,personal,einkauf,handel,finanzen,steuern,it,hohen,bezug,rechnungslegung,jahr,unterziehen,iks,umfassenden,prüfung,dabei,untersuchen,ersten,schritt,risikosituation,angemessen,abgebildet,identifizierten,risiken,sachgerechte,kontrollen,gibt,zweiten,schritt,testen,wirk,samkeit,kontrollen,beziehen,iksprüfungen,rechnungslegungsbezogene,prozesse,z˛b,aufstellung,einzelabschlüssen,konsolidierung,mitarbeitern,rechnungswesen,durchgeführt,prozessen,auftrag,dienstleistungszentren,abgewickelt,etwa,bearbeitung,rech,nungen,angemessenheit,wirksamkeit,kontrollen,wirtschaftsprü,fungsgesellschaft,bescheinigt,funktionen,finanzen,personal,einkauf,handel,it,dokumentieren,jeweils,verantwortlichen,vereinbarten,iksqualitätsstandards,entsprochen,wurde,darüber,hinaus,begleitet,interne,revision,iksprüfung,ergebnisse,untersuchungen,bericht,vorstand,rwe,ag,dokumentiert,überprüfung,2020,vorgenommen,iks,erneut,wirksam,erwiesen,rahmen,externen,berichterstattung,legen,mitglieder,vorstands,rwe,ag,halbjahr,gesamtjahr,bilanzeid,ab,bestätigen,vorgeschriebenen,rechnungslegungsstandards,eingehalten,wurden,abschlüsse,tatsächlichen,verhältnissen,entsprechendes,bild,vermögens,finanz,ertragslage,vermitteln,prüfungsausschuss,aufsichtsrats,befasst,sitzungen,regelmäßig,wirksamkeit,iks,jahr,legt,vorstand,rwe,ag,bericht,1an,investoren,3versicherung,gesetzlichen,vertreter,4konzernabschluss,5weitere,informationen,782lagebericht,entwicklung,risiken,undˆchancen,gegenstand,kapitels,angaben,§§˜315a,ab,1,289a,ab,1,handelsgesetzbuchs,sowie,§˜176,ab,1,satz,1,aktiengesetz,dargestellt,gesellschaftsspezifische,regelungen,u˜a,anpassung,kapitalstruktur,vorstand,fall,wechsels,unternehmenskontrolle,betreffen,rwe,entsprechen,all,bestimmungen,standard,deutscher,kapitalmarkt,orientierter,unternehmen,voraussetzung,aufsichtsrat,zustimmt,vorstand,bezugs,recht,ausschließen,ł,spitzenbeträge,vermeiden,bezugsverhältnis,ergeben,ł,aktien,sacheinlagen,zwecke,unternehmenszusammenschlüssen,erwerb,unternehmen,unternehmensteilen,betrieben,anteilen,unternehmen,auszugeben,ł,barkapitalerhöhung,ausgabepreis,börsenpreis,wesentlich,unterschreitet,neuen,aktien,bezugsrecht,ausgeschlossen,insgesamt,entfallende,anteilige,betrag,10˛,grundkapitals,überschreitet,ł,aktien,eventuellen,inhabern,wandel,optionsanleihen,umfang,anzubieten,wandlung,bzw,ausübung,option,zustehen,vorstand,ermächtigt,zustimmung,aufsichtsrats,weiteren,inhalt,aktienrechte,bedingungen,aktienausgabe,festzulegen,insgesamt,darf,grundkapital,ausgabe,neuer,aktien,bezugsrechtsausschluss,mehr,20˛,erhöht,möglichkeit,bezugsrechtsfreien,barkapitalerhöhung,rwe,18˛˛19,august,2020,obergrenze,10˛,ausgeschöpft,sonstige,kapitalmaßnahmen,genehmigte,kapital,hälfte,genutzt,höhe,maximal,157374848˛•,entspricht,ausgabe,61474550,rweaktien,zusammensetzung,gezeichneten,kapitals,grundkapital,rwe,ag,beträgt,173112332288˛•,verteilt,676220048,inhaber,lautende,stück,aktien,seite,42,dargelegt,vorstand,august,2020,zustimmung,aufsichtsrats,61474549,neue,rweaktien,bareinlage,ausschluss,bezugsrechts,institutionelle,investoren,ausgegeben,dadurch,grundkapital,15737484544˛•,bzw,10˛,erhöht,befugnisse,vorstands,ausgabe,neuer,aktien,kapitalerhöhung,stützte,ermächtigung,hauptversammlung,26,april,2018,wesentlichen,folgende,bestimmungen,enthält,vorstand,ermächtigt,grundkapital,gesellschaft,25,april,2023,zustimmung,aufsichtsrats,31474969344˛•,ausgabe,122949099,inhaber,lautenden,aktien,bar,sacheinlagen,erhöhen,genehmigtes,kapital,ermächtigung,ganz,teilweise,sowie,mehrmals,teilbeträgen,ausgeübt,aktionären,steht,grundsätzlich,bezugsrecht,210,übernahmerechtliche,angaben,1an,investoren,2lagebericht,übernahmerechtliche,angaben,3versicherung,gesetzlichen,vertreter,4konzernabschluss,5weitere,informationen,79,kapitalbeteiligungen,mehr,10˜,stimmrechte,31,dezember,2020,gab,beteiligung,rwe,ag,mehr,10˛,stimmrechte,vereinte,beschränkungen,übertragung,aktien,rahmen,belegschaftsaktien,programms,rwe,abgelaufenen,geschäftsjahr,314760,rwe,aktien,mitarbeiter,deutschland,ausgegeben,worden,begünstigten,titel,erst,31,dezember,2021,frei,verfügen,rwebelegschaftsaktienprogramme,gibt,großbritannien,richten,beschäftigten,rwe,generation,uk,plc,rwe,technology,uk,limited,rwe,supply˛˛trading,gmbh,uk,branch,rahmen,programme,2020,insgesamt,17905,rwe,aktien,erworben,worden,titel,liegen,ebenfalls,verfügungsbeschränkung,fünf,jahre,ab,tag,zuteilung,ernennung,abberufung,vorstandsmitglieder˜˜satzungsänderungen,ernennung,abberufung,mitglieder,vorstands,§§˛84˛f,aktiengesetz,aktg,verbindung,§˛31,mitbestimmungsgesetz,geregelt,satzungsänderungen,richten,§§˛179˛ff,aktg,verbindung,§˛16,ab,5,satzung,rwe,ag,genannte,satzungsregelung,sieht,beschlüsse,hauptversammlung,einfacher,mehrheit,abgegebenen,stimmen,soweit,außerdem,kapitalmehrheit,erforderlich,einfacher,mehrheit,beschlussfassung,vertretenen,grund,kapitals,gefasst,fall,gesetz,satzung,vorschreiben,§˛10,ab,9,satzung,aufsichtsrat,ermächtigt,satzungsänderungen,beschließen,fassung,d˛h,formale,aspekte,betreffen,materiellen,wirkungen,inhalt,befugnis,rwe,ag,erwerb,eigener,aktien,hauptversammlung,26,april,2018,vorstand,rwe,ag,außerdem,ermächtigt,25,april,2023,zustimmung,aufsichtsrats,aktien,gesellschaft,umfang,10˛,beschlusszeitpunkt,œ,fall,wert,geringer,œ,zeitpunkt,ausübung,ermächtigung,bestehen,grundkapitals,erwerben,ermessen,vorstands,börse,wege,öffentlichen,kaufangebots,geschehen,erworbenen,aktien,dürfen,eingezogen,ferner,rahmen,unternehmenszusammenschlüssen,beim,erwerb,unternehmen,unternehmensteilen,betrieben,anteilen,unternehmen,dritte,übertragen,gesellschaft,darf,aktien,verwenden,verpflichtungen,belegschaftsaktienprogrammen,erfüllen,wandel,optionsanleihen,bedienen,genannten,fällen,bezugsrecht,ausgeschlossen,ermächtigungen,ganz,teilweise,sowie,mehrmals,teilbeträgen,ausgeübt,ermächtigung,26,april,2018,konnten,erworbenen,aktien,sonstige,weise,barzahlung,veräußert,möglichkeit,besteht,mehr,kapitalerhöhung,ausgegebenen,aktien,höchstgrenze,10˛,grund,kapitals,angerechnet,ermächtigung,festgesetzt,worden,grund,mehr,möglich,zurückerworbene,aktien,inhaber,wandel,optionsanleihen,liefern,sofern,bezugsrechtsausschluss,bar,zahlung,begeben,wurden,aktien,bezugsrechte,mehr,bedient,inhaber,wandel,optionsanleihen,hätten,ausübung,anleiherechte,rweaktien,erhalten,auswirkungen,wechsels,unternehmenskontrolle,fremdfinanzierung,instrumente,fremdfinanzierung,enthalten,vielfach,klauseln,fall,wechsels,unternehmenskontrolle,change,of,control,beziehen,regelung,besteht,u˛a,unserer,syndizierten,kreditlinie,5,mrd˛•,wesentlichen,folgenden,inhalt,sollten,kontroll,mehrheitsverhältnisse,rwe,ag,ändern,weitere,inanspruchnahmen,vorerst,ausgesetzt,kreditgeber,nehmen,verhandlungen,fortführung,kreditlinie,kündigen,fall,mehrheit,innerhalb,30,tagen,kontrollwechsel,einigung,erzielen,1an,investoren,2lagebericht,übernahmerechtliche,angaben,3versicherung,gesetzlichen,vertreter,4konzernabschluss,5weitere,informationen,80,changeofcontrolklauseln,gibt,anleihen,2037,fällige,senioranleihe,2016,einzige,gänze,innogy,übertragen,konnte,heute,kleinen,restbetrag,verblieben,gilt,folgende,regelung,anleihegläubiger,sofortige,rückzahlung,verlangen,rwe,ag,kontrollwechsel,verbindung,absenkung,kreditratings,kategorie,—investment,gradeﬁ,kommt,nachrangigen,hybridanleihen,gilt,fall,innerhalb,festgelegten,kontrollwechselzeitraums,kündigen,geschieht,erhöht,jährliche,verzinsung,hybridanleihen,500,basispunkte,folgen,kontrollwechsels,vergütung,vorstand,führungskräften,deutsche,corporate,governance,kodex,enthält,aktuellen,fassung,16,dezember,2019,anregung,zusagen,zusätzliche,leistungen,anlass,vorzeitigen,beendigung,anstellungsvertrags,vorstandsmitglied,infolge,kontrollwechsels,gegeben,sollten,grundsatz,entsprechen,neu,abgeschlossenen,dienstverträgen,1,november,2020,bestellten,vorstandsmitglieder,dr,michael,müller,zvezdana,seeger,falle,kontroll,wechsels,weder,sonderkündigungsrecht,ansprüche,abfindungen,gleiches,gilt,ab,1,mai,2021,dr,markus,krebber,nachfolge,dr,rolf,martin,schmitz,vorstandsvorsitzender,antritt,laufenden,dienstverträgen,rolf,martin,schmitz,markus,krebber,gibt,dagegen,changeofcontrolklausel,demnach,vorstandsmitglieder,sonderkündigungsrecht,falle,kontrollwechsels,wesentliche,teile,ergeben,dürfen,amt,innerhalb,halben,jahres,wechsel,unternehmenskontrolle,wichtigem,grund,niederlegen,wobei,frist,drei,monaten,monatsende,wahren,zusätzlich,beendigung,dienstverhältnisses,gewährung,einmalzahlung,verlangen,höhe,einmalzahlung,entspricht,bezügen,ende,ursprünglich,vereinbarten,vertragslaufzeit,angefallen,wären,höchstens,jedoch,dreifachen,vertraglichen,jahresgesamtvergütung,aktienbasierte,vergütungen,eingerechnet,kontrollwechselregelungen,gibt,aktienbasierte,vergütung,vorstand,führungskräften,kontrollwechsel,verfallen,laufende,geschäfts,jahr,vorläufig,zugeteilten,performance,share,ersatz,entschädigungslos,ansprüche,ausbezahlten,performance,share,vergangene,geschäftsjahre,bleiben,dagegen,erhalten,1an,investoren,2lagebericht,übernahmerechtliche,angaben,3versicherung,gesetzlichen,vertreter,4konzernabschluss,5weitere,informationen,81,anforderungen,kapitalmarktes,vergütung,vorstand,aufsichts,rat,gestiegen,mehr,je,erwartet,unternehmen,management,aufsichtsorgane,leistungsorientiert,entlohnen,dabei,anreize,voraus,schauendes,grundsatz,nachhaltigkeit,ausgerichtetes,handeln,setzen,rwe,anforderungen,gerecht,trotzdem,system,vorstands,vergütung,weiterentwickelt,dabei,eng,investoren,abgestimmt,neuen,regelungen,hauptversammlung,2021,beschlussfassung,vorlegen,schwerpunkt,folgenden,ausführungen,ausgestaltung,höhe,vergütung,zurückliegende,geschäftsjahr,mitglieder,aufsichtsrats,gleichen,zeit,mehrere,ämter,gremium,ausüben,erhalten,vergütung,höchsten,vergütete,amt,nimmt,mitglied,aufsichtsrats,bestimmte,funktionen,teil,geschäftsjahres,wahr,vergütung,zeitanteilig,gewährt,neben,vergütung,erhalten,mitglieder,aufsichtsrats,zahlungen,erstattung,auslagen,einzelne,mitglieder,aufsichtsrats,beziehen,darüber,hinaus,einkünfte,ausübung,aufsichtsratsmandaten,tochter,gesellschaften,rwe,ag,mitglieder,aufsichtsrats,selbstverpflichtungserklärung,abgegeben,25˛,jährlichen,gesamtvergütung,steuern,œ,vorbehaltlich,etwaiger,verpflichtungen,abführung,vergütung,œ,kauf,rweaktien,einsetzen,aktien,dauer,mitgliedschaft,aufsichtsrat,rwe,ag,halten,vergangenen,jahr,mitglieder,vergütung,abführen,selbstver,pflichtung,bezüglich,vergütung,2019,nachgekommen,gesamtvergütung,aufsichtsratsmitglieder,erstattung,auslagen,summier,te,geschäftsjahr,2020,2880,tsd˛•,vorjahr,3304,tsd˛•,davon,entfielen,480,tsd˛•,vorjahr,465,tsd˛•,vergütungen,tätigkeiten,ausschüssen,aufsichtsrats,100,tsd˛•,vorjahr,543,tsd˛•,mandatsvergütungen,tochter,gesellschaften,rwe,ag,entsprechend,vorgaben,§˛113,aktg,hauptversammlung,28,april,2021,aufsichtsratsvergütung,beschließen,lassen,erwägen,anteilseignern,anhebung,entgelte,ausschusstätigkeiten,vorzuschlagen,tabelle,folgenden,seite,zeigt,aufsichtsratsvergütung,personen,gremium,jahren,2019,und˛˛oder,2020,angehörten,struktur,höhe,aufsichtsratsvergütung,mitgliedern,aufsichtsrats,geschäftsjahr,2020,gewährte,vergütung,beruht,beschluss,hauptversammlung,2013,satzung,rwe,ag,festgelegt,entspricht,sämtlichen,empfehlungen,anregungen,deutschen,corporate,governance,kodex,dcgk,aktuellen,fassung,16,dezember,2019,vorsitzenden,aufsichtsrats,rwe,ag,steht,pro,geschäftsjahr,festvergü,tung,300,tsd˛•,stellvertreter,200,tsd˛•,gewährt,übrigen,mitglieder,aufsichtsrats,erhalten,100,tsd˛•,darüber,hinaus,vergütung,ausschusstätigkeiten,folgt,geregelt,mitglieder,prüfungsausschusses,bekommen,zusätzliches,entgelt,40,tsd˛•,vorsitzenden,ausschusses,erhöht,betrag,80,tsd˛•,sonstigen,ausschüssen,mitgliedern,vorsitzenden,zusätzlich,20,bzw,40,tsd˛•,gezahlt,œ,ausnahme,nominierungs,ausschusses,glieder,zusatzentgelt,erhalten,ausschusstätigkeit,vergütet,jeweilige,ausschuss,mindestens,geschäftsjahr,tätig,geworden,211,vergütungsbericht,1an,investoren,2lagebericht,vergütungsbericht,3versicherung,gesetzlichen,vertreter,4konzernabschluss,5weitere,informationen,82,1,aufsichtsratsmitglieder,jahresverlauf,gremium,ausgeschieden,beigetreten,erhalten,zeitanteilige,vergütung,2,mandatsvergütungen,tochtergesellschaften,insoweit,einbezogen,zeiträume,mitgliedschaft,aufsichtsrat,rwe,ag,entfallen,3,kaufmännische,rundung,einzelwerten,führen,tabelle,exakt,aufaddieren,vergütung,aufsichtsrats,1feste,vergütung,ausschussvergütung,mandatsvergütung,tochtergesellschaften,2gesamtbezüge,3in,tsd˛•,20202019202020192020201920202019dr,werner,brandt,vorsitzender,300300œœœœ300300frank,bsirske,stellvertretender,vorsitzender,200200œœœ143200343michael,bochinsky,1001004040œœ140140reiner,böhle,18092019,œ72œ14œœœ86sandra,bossemeyer,1001002020œœ120120martin,bröker,100100œœœœ100100anja,dubbert,seit,27092019,10026201œœ12027matthias,dürbaum,seit,27092019,10026201œœ12027ute,gerbaulet,100100œœœœ100100prof,dr,hanspeter,keitel,1001002020œœ120120dr,h˛c,monika,kircher,1001004030œœ140130monika,krebber,18092019,œ72œ14œ86œ172harald,louis,10010020202020140140dagmar,mühlenfeld,1001002020œœ120120peter,ottmann,1001002020œœ120120günther,schartz,1001002020œœ120120dr,erhard,schipporeit,1001008080œ215180395dr,wolfgang,schüssel,1001002025œœ120125ullrich,sierau,1001004040œœ140140ralf,sikorski,10010040405050190190marion,weckes,1001004040œœ140140leonhard,zubrowski,10010020203030150150gesamt,323002296480465100543288033041an,investoren,2lagebericht,vergütungsbericht,3versicherung,gesetzlichen,vertreter,4konzernabschluss,5weitere,informationen,83,struktur,vorstandsvergütung,grundlegendes,struktur,höhe,vorstandsvergütung,aufsichtsrat,festgelegt,regelmäßig,daraufhin,überprüft,angemessen,marktüblich,folgenden,erläuterte,vergütungssystem,1,oktober,2016,eingeführt,worden,besteht,erfolgsunabhängigen,erfolgsabhängigen,komponenten,erstere,festgehalt,versorgungsentgelt,sowie,sach,sonstige,bezüge,erfolgsabhängigen,komponenten,zählen,tantieme,langfristiger,bestandteil,aktienbasierte,vergütung,sitzung,25,juni,2020,aufsichtsrat,vergütungssystem,grund,legend,reformiert,stärker,zielen,unternehmens,anforde,rungen,unserer,anspruchsgruppen,stakeholder,auszurichten,änderungen,betreffen,u˛a,langfristige,aktienbasierte,vergütung,eigeninvestment,rwe,aktien,finanziellen,konsequenzen,fehlverhalten,vorstandsvergütung,2020,œ,wenigen,ausnahmen,abgesehen,œ,alten,regelungen,maß,geblich,folgenden,näher,beschrieben,wichtigsten,neuerungen,informieren,ende,kapitels,seite,96,empfänger,vorstandsvergütung,zurückliegenden,geschäftsjahr,erhielten,dr,rolf,martin,schmitz,dr,markus,krebber,dr,michael,müller,zvezdana,seeger,leistungen,vorstandstätigkeiten,rwe,ag,ł,rolf,martin,schmitz,63,seit,1,mai,2009,mitglied,vorstands,seit,15,okto,ber,2016,vorsitzender,mai,2017,oktober,2020,zugleich,arbeits,direktor,scheidet,30,april,2021,vorstand,ł,markus,krebber,48,wurde,1,oktober,2016,vorstand,berufen,seit,15,okto,ber,2016,verantwortet,finanzressort,30,juni,2026,vorstand,bestellt,1,mai,2021,vorsitz,übernehmen,ł,michael,müller,49,1,november,2020,zunächst,drei,jahre,vorstand,bestellt,worden,ab,1,mai,2021,finanzressort,verantworten,ł,zvezdana,seeger,56,gehört,ebenfalls,seit,1,november,2020,vorstand,rwe,ag,führt,ressorts,personal,it,außerdem,arbeitsdirektorin,erstmalige,bestellung,drei,jahre,befristet,festgehalt,versorgungsentgelt,mitglieder,vorstands,rwe,ag,beziehen,jährliches,festgehalt,monatlichen,raten,ausbezahlt,zweite,fixe,ver,gütungskomponente,steht,dienstjahr,individuell,festgelegter,betrag,versorgungsentgelt,sofern,œ,fall,rolf,martin,schmitz,œ,bereits,einführung,versorgungsentgelts,vorstand,angehörten,deshalb,pension,zusage,erhalten,siehe,seite,88,versorgungsentgelt,wahlweise,bar,ausgezahlt,zugunsten,späteren,versorgungsleistung,vollständig,anteilig,bruttoentgeltumwandlung,wertgleiche,versorgungszusage,überführt,aufgebaute,kapital,eintritt,vorstandsmitglieds,ruhestand,abrufbar,frühestens,vollendung,62,lebens,jahres,vorstandsmitglieder,beim,wechsel,ruhestand,zahlung,ratenzahlung,maximal,neun,teilbeträgen,wählen,weitere,versorgungs,leistungen,erhalten,hinterbliebenen,soweit,rahmen,früherer,tätigkeiten,rwe,konzern,ruhegeldansprüche,erworben,wurden,bleiben,unverändert,bestehen,sach,sonstige,bezüge,erfolgsunabhängigen,vergütungsbestandteilen,gehören,sach,sonstigen,bezüge,bestehen,wesentlichen,dienstwagennutzung,prämien,unfallversicherung,tantieme,vorstandsmitglieder,erhalten,tantieme,sowohl,wirtschaft,lichen,entwicklung,unternehmens,erreichung,individueller,kollektiver,ziele,vorstands,abhängt,ausgangspunkt,ermittlung,individuellen,tantieme,sogenannte,unternehmenstantieme,hängt,davon,ab,hoch,vergütungsrelevante,ebit,jeweiligen,geschäftsjahr,ausfällt,basis,ermittlung,1an,investoren,2lagebericht,vergütungsbericht,3versicherung,gesetzlichen,vertreter,4konzernabschluss,5weitere,informationen,84,kennzahl,bereinigte,ebit,dabei,handelt,ebit,abzüglich,neutralen,ergebnisses,regelungen,vorstandsvergütung,sehen,aufsichtsrat,anpassungen,bereinigten,ebit,vornehmen,eignung,größe,performancemessung,verbessern,anpassungen,u˛a,veräuße,rungsergebnisse,rückstellungsveränderungen,sowie,außerplanmäßige,abschreibungen,deren,folgewirkungen,betreffen,bereinigte,ebit,vergütungs,relevante,ebit,überführt,unternehmenstantieme,folgendermaßen,ermittelt,beginn,jeweiligen,geschäftsjahres,legt,aufsichtsrat,zielwert,sowie,obergrenze,vergütungsrelevante,ebit,fest,ablauf,geschäftsjahres,tat,sächlich,erreichte,bereinigte,ebit,festgestellt,erläuterten,anpassungen,ver,gütungsrelevante,ebit,abgeleitet,stimmt,zielwert,überein,beträgt,ziel,erreichung,100˛,unternehmenstantieme,entspricht,vertraglich,fest,gelegten,tantiemebudget,liegt,vergütungsrelevante,ebit,exakt,vorab,definierten,untergrenze,beträgt,zielerreichung,50˛,liegt,obergrenze,beträgt,zielerreichung,150˛,dazwischen,liegenden,wertebereich,zielerreichung,lineare,interpolation,ermittelt,vergütungsrelevante,ebit,niedriger,grenze,unternehmens,tantieme,gezahlt,obergrenze,überschritten,bleibt,maximalen,zielerreichung,150˛,neben,unternehmenstantieme,bestimmt,individuelle,leistungsfaktor,darüber,höhe,einzelnen,vorstandsmitglied,tantieme,gewährt,leistungs,faktor,hängt,erreichung,1,individueller,ziele,2,allgemeiner,kollektiver,ziele,sowie,3,kollektiver,ziele,gebiet,corporate,responsibility,cr,mitarbeiter,motivation,ab,wobei,genannten,zielkategorien,jeweils,drittel,gewichtet,ablauf,geschäftsjahres,bewertet,aufsichtsrat,leistung,vorstandsmitglieder,genannten,kategorien,dabei,orientiert,daran,umfang,jahresanfang,festgelegten,zielvorgaben,erfüllt,wurden,zielerreichung,0,200˛,liegen,daraus,abgeleitete,leistungsfaktor,80,120˛,begrenzt,heißt,vorstandsmitglied,individuellen,kollektiven,ziele,beispielsweise,150˛,erreicht,beträgt,leistungsfaktor,—nurﬁ,120˛,unternehmenstantieme,multipliziert,individuellen,leistungsfaktor,ergibt,tantieme,einzelnen,vorstandsmitglieds,ablauf,geschäftsjahres,voller,höhe,ausgezahlt,abweichend,oben,dargestellten,regelungen,wurde,1,november,2020,hinzugekommenen,vorstandsmitglieder,zvezdana,seeger,michael,müller,vereinbart,individuelle,leistungsfaktor,zweimonatige,tätigkeit,vergangenen,jahr,ausschließlich,anhand,erreichung,individueller,ziele,ermittelt,kollektiven,ziele,kategorien,2,3,bleiben,somit,unberücksichtigt,aktienbasierte,vergütung,mitgliedern,vorstands,außerdem,aktien,basierte,vergütung,gewährt,erreichen,langfristiger,ziele,honoriert,berichtsjahr,dabei,letztmals,strategic,performance,plan,spp,2016˛,œ˛2020,angewendet,worden,orientiert,erfolgsmessung,folgenden,beiden,kriterien,gesamtrendite,rweaktie,kursentwicklung,dividende,performance,vergütungsrelevanten,nettoergebnis,jeweiligen,geschäftsjahr,bereits,erwähnt,aktienbasierte,vergütung,wesentlichen,punkten,angepasst,worden,änderungen,spp,2021,umgesetzt,seit,anfang,laufenden,jahres,anwendung,kommt,folgenden,ausführungen,beziehen,alten,spp,spp,2016˛,œ˛2020,basiert,sogenannten,performance,share,deren,laufzeit,vestingperiode,jeweilige,geschäftsjahr,drei,folgejahre,erstreckt,beginn,geschäftsjahres,erhalten,vorstandsmitglieder,zuteilungsschreiben,individueller,bruttozuteilungsbetrag,aufgeführt,neuen,vorstandsmitglieder,michael,müller,zvezdana,seeger,zuteilung,dienstbeginn,november,erhalten,anzahl,performance,share,ergibt,bruttozuteilungsbetrag,mittleren,xetraschlusskurs,rwe,aktie,letzten,30,börsenhandels,tagen,beginn,jeweiligen,gewährungsjahres,geteilt,allerdings,zuteilung,vorläufig,viele,performance,share,endgültig,zugeteilt,entscheidet,ablauf,jeweiligen,gewährungsjahres,1an,investoren,2lagebericht,vergütungsbericht,3versicherung,gesetzlichen,vertreter,4konzernabschluss,5weitere,informationen,85,überleitung,vorläufigen,endgültigen,zuteilung,performance,share,richtet,spp,2016˛,œ˛2020,vergütungsrelevanten,nettoergebnis,anpassungen,bereinigten,nettoergebnisses,ermittelt,zulässigen,anpassungen,planbedingungen,spp,näher,bestimmt,unvorher,gesehenen,ereignissen,kapitalmaßnahmen,akquisitionen,veräußerungen,regula,torischen,änderungen,gewährleistet,tatsächlichen,ergebnisse,vorab,definierten,zielwerten,vergleichbar,aufsichtsrat,bestimmt,zielwerte,vergütungsrelevante,nettoergebnis,beginn,jeweiligen,geschäftsjahres,basis,mittelfristplanung,unternehmens,außerdem,legt,ober,untergrenzen,fest,daran,anknüpfend,sieht,spp,2016˛,œ˛2020,folgendes,vorgehen,exakter,übereinstimmung,zielwert,100˛,vorläufig,zugeteilten,performance,share,final,festgeschrieben,liegt,istwert,exakt,untergrenze,bzw,obergrenze,50˛,bzw,150˛,vorläufig,gewährten,performance,share,final,zugeteilt,unterschreitung,untergrenze,verfallen,vorläufig,gewährten,performance,share,vollständig,ersatzlos,falle,überschreitung,obergrenze,maximalen,zuteilung,150˛,bleibt,spp,2016˛,œ˛2020,performance,share,drei,jahre,endgültigen,zuteilung,bar,mitglieder,vorstands,ausbezahlt,tranchen,2018,2019,2020,steht,somit,auszahlungs,betrag,hängt,performance,rweaktie,ab,entspricht,anzahl,final,festgeschriebenen,performance,share,multipliziert,summe,durchschnittlichen,xetraschlusskurs,rweaktie,30,börsenhandelstage,ende,vestingperiode,aufgelaufenen,dividenden,letzten,drei,jahre,allerdings,gibt,deckelung,extrem,guten,aktienperformance,auszahlung,höchstens,200˛,anfänglich,gewährten,bruttozuteilungsbetrags,begrenzt,vorstandsmitglieder,verpflichtet,25˛,auszahlungsbetrags,steuern,rweaktien,reinvestieren,aktien,müssen,mindestens,ende,dritten,jahres,ablauf,vestingperiode,gehalten,ausscheiden,vorstandsmitglieds,ende,vertragslaufzeit,bleiben,performance,share,unverändert,bestehen,ende,vesting,periode,plangemäß,ausgezahlt,scheidet,vorstandsmitglied,eigenen,wunsch,vorzeitig,gesellschaft,wichtigem,grund,außerordentlich,gekündigt,verfallen,performance,share,ende,vestingperiode,erreicht,habenmalus,clawbackregelungen,spp,2016˛,œ˛2020,enthält,malusregelung,danach,aufsichtsrat,fehlverhalten,vorstandsmitgliedern,kürzung,vollständigen,streichung,laufender,spptranchen,ahnden,fehlverhalten,liegt,vorstandsmitglied,vorsätzlich,verhaltenskodex,compliance,richtlinien,wesentliche,dienstvertragliche,pflicht,verstößt,sorgfalts,pflichten,sinne,§˛93,aktg,erheblich,verletzt,verträge,november,2020,hinzugekommenen,vorstandsmitglieder,michael,müller,zvezdana,seeger,enthalten,bereits,umfangreichen,malus,clawback,bestimmungen,künftigen,vergütungssystems,danach,aufsichtsrat,bereits,gezahlte,erfolgsabhängige,vergütung,tantieme,aktienbasierte,vergütung,teilweise,vollständig,zurückfordern,herausstellt,konzern,abschluss,fehler,haft,falle,fehlverhaltens,vorstandsmitgliedern,aufsichtsrat,darüber,hinaus,billigen,ermessen,ausbezahlte,variable,ver,gütung,geschäftsjahr,pflichtverletzung,zuzuordnen,kürzen,null,reduzieren,variable,vergütung,betreffende,geschäftsjahr,bereits,ausgezahlt,aufsichtsrat,teilweise,vollständig,zurückfordern,verpflichtung,vorstandsmitglieds,schadensersatz,gegenüber,gesellschaft,bleibt,malus,clawbackregelungen,unberührt,mandatsbezüge,mitglieder,vorstands,rwe,ag,erhielten,abgelaufenen,geschäftsjahr,bezüge,wahrnehmung,aufsichtsratsmandaten,konzernverbun,denen,unternehmen,bezüge,wurden,vollständig,tantieme,schmitz˛˛krebber,festgehalt,müller˛˛seeger,angerechnet,führten,höheren,gesamtbezügen,1an,investoren,2lagebericht,vergütungsbericht,3versicherung,gesetzlichen,vertreter,4konzernabschluss,5weitere,informationen,86,bandbreite,vorstandsvergütung,zeitliches,auszahlungsprofil,vorstandsvergütung,geschäftsjahr,anteile,einzelkomponenten,gesamtvergütung,theoretischen,fall,zielvorgaben,unternehmens,vorstandsmitglieder,abgelaufenen,ge,schäftsjahr,exakt,100˛,erreicht,worden,wären,hätte,folgende,vergütungsstruktur,ergeben,30˛,gesamtvergütung,wären,festgehalt,entfallen,weitere,30˛,tantieme,40˛,langfristige,vergütung,rahmen,spp,2016˛,œ˛2020begrenzung,vorstandsvergütung,schaubild,oben,zeigt,prozentualen,anteile,einzelnen,komponenten,vorstandsvergütung,2020,unternehmenstantieme,150˛,vertraglich,vereinbarten,tantiemebudgets,oben,begrenzt,individuelle,leistungsfaktor,120˛,dadurch,konnten,höchstens,180˛,tantieme,budget,erreicht,aktienbasierten,vergütung,spp,2016˛,œ˛2020,auszahlung,ablauf,vestingperiode,maximal,200˛,zuteilungs,budget,beschränkt,genannten,maximalwerten,lässt,obergrenze,gesamt,vergütung,ableiten,164˛,budget,liegt,auszahlungszeitpunkte,vorstandsmitglieder,erhalten,jährliche,festgehalt,monatlichen,raten,versorgungsentgelt,jahresende,ausbezahlt,soweit,versorgungszusage,überführt,worden,ablauf,geschäftsjahres,stellt,aufsichtsrat,zielerreichung,unternehmenstantieme,fest,bestimmt,individuellen,leistungsfaktor,tantieme,april,ausbezahlt,performance,share,spp,erfolgt,zahlung,ersten,quartal,ablauf,vestingperiode,bereits,erläutert,müssen,vorstandsmitglieder,25˛,auszahlungs,betrags,rweaktien,investieren,dürfen,titel,erst,liquidieren,vierjährigen,vestingperiode,drei,weitere,kalenderjahre,vergangen,somit,dauert,insgesamt,sieben,jahre,vorstandsmitglieder,volle,vergütung,verfügen,obergrenze,164˜,budget,100˜,strategic,performance,plan,maximum,200˛,80˛strategic,performance,plan,100˛40˛tantieme,maximum,180˛,54˛untergrenze,30˜,tantieme,100˛30˛festgehalt,30˛festgehalt,30˛festgehalt,30˛versorgungs,entgelt,tantieme,strategic,performance,planauszahlung,april,auszahlung,ersten,quartal,25˛,anlagein,rweaktien,ende,mindesthaltedauer,festgehalt,monatliche,auszahlung,auszahlung,jahresende,geschäftsjahr,jahr,2,jahr,3,jahr,4,jahr,5,jahr,6,jahr,7,1an,investoren,2lagebericht,vergütungsbericht,3versicherung,gesetzlichen,vertreter,4konzernabschluss,5weitere,informationen,87,regelung,altersversorgung,einführung,bereits,beschriebenen,versor,gungsentgelts,1,januar,2011,mitgliedern,vorstands,pensionszusage,erteilt,worden,vorstandsmitgliedern,jahres,2020,betrifft,rolf,martin,schmitz,bereits,2009,erteilte,pensionszusage,unverändert,fortgeführt,gewährt,anspruch,lebenslanges,ruhegeld,ausscheiden,vorstand,rwe,ag,vollendung,60,lebensjahres,dauerhafter,arbeits,unfähigkeit,falle,gesellschaft,gehenden,vorzeitigen,beendigung,nichtverlängerung,dienstvertrags,gezahlt,todesfall,besteht,anspruch,hinterbliebenenversorgung,maßgeblich,höhe,ruhegeldes,bliebenenversorgung,ruhegeldfähige,einkommen,versorgungsgrad,anzahl,dienstjahre,ergibt,wechsel,unternehmenskontrolle,verträge,rolf,martin,schmitz,markus,krebber,enthalten,sogenannte,changeofcontrolklauseln,wesentlichen,folgenden,inhalt,fall,eintreten,aktionäre,dritte,kontrolle,unternehmen,erlangen,daraus,wesentliche,nachteile,vorstandsmitglieder,ergeben,sonderkündigungsrecht,amt,innerhalb,sechs,monaten,wechsel,unternehmenskontrolle,niederlegen,beendigung,dienstverhältnisses,gewährung,einmalzahlung,verlangen,kontrollerwerb,sinne,regelung,liegt,aktionär,mehrere,gemein,sam,handelnde,aktionäre,dritte,mindestens,30˛,stimmrechte,vereinen,sonstige,art,beherrschenden,einfluss,gesellschaft,ausüben,wechsel,unternehmenskontrolle,liegt,gesellschaft,rechtsträger,verschmolzen,sei,wert,rechts,trägers,beträgt,ausweislich,vereinbarten,umtauschverhältnisses,weniger,50˛,wertes,rwe,ag,beendigung,dienstverhältnisses,aufgrund,wechsels,unternehmens,kontrolle,erhält,vorstandsmitglied,einmalzahlung,höhe,ende,ursprünglich,vereinbarten,vertragslaufzeit,anfallenden,bezüge,höchstens,jedoch,dreifache,jahresgesamtvergütung,umfasst,œ,ausnahme,spp,œ,sämtliche,vergütungsbestandteile,einschließlich,nebenleistungen,kommt,wechsel,unternehmenskontrolle,rahmen,spp,2016˛œ˛2020,gewährten,performance,share,bereits,final,festgeschrieben,wurden,auszahlung,gelangt,vorzeitig,ausgezahlt,zeitpunkt,kontrollwechsels,vorläufig,zugeteilten,performance,share,verfallen,dagegen,ersatz,entschädigungslos,dcgk,regt,neuesten,fassung,leistungen,anlass,vorzeitigen,beendigung,anstellungsvertrags,vorstandsmitglied,infolge,kontrollwechsels,zugesagt,sollten,grundsatz,entsprechen,neu,abgeschlossenen,dienstverträgen,1,november,2020,bestellten,vorstands,mitglieder,zvezdana,seeger,michael,müller,falle,kontrollwechsels,weder,sonderkündigungsrecht,ansprüche,abfindungen,gleiches,gilt,ab,1,mai,2021,markus,krebber,nachfolge,rolf,martin,schmitz,vorstandsvorsitzen,antritt,vorzeitige,beendigung,vorstandstätigkeit,abfindungsobergrenze,dienstverträge,vorstands,enthalten,gemäß,empfehlung,dcgk,verein,barung,falle,vorzeitigen,beendigung,vorstandstätigkeit,wichtigen,grund,mehr,wert,ansprüche,restlaufzeit,vertrags,vergütet,höchstens,jedoch,wert,zwei,jahresgesamtvergütungen,abfindungsobergrenze,1an,investoren,2lagebericht,vergütungsbericht,3versicherung,gesetzlichen,vertreter,4konzernabschluss,5weitere,informationen,88,höhe,vorstandsvergütung,vergütung,vorstands,rwe,ag,vorgaben,deutschen,handel,gesetzbuchs,hgb,ermittelt,tätigkeit,geschäftsjahr,2020,erhielten,standsmitglieder,insgesamt,8501,tsd˛•,œ,gegenüber,7571,tsd˛•,vorjahr,gremium,zwei,personen,bestand,einzelnen,vergütungskomponenten,tabelle,oben,aufgeführt,vergütungsrelevante,ebit,basis,tantieme,ermittelt,belief,vergangenen,jahr,1830,mio˛•,bereinigten,ebit,1771,mio˛•,unterscheidet,anpassungen,denen,sondereffekte,neutralisiert,wurden,fest,legung,zielwerts,absehbar,anpassung,betraf,dividende,15˛beteiligung,eon,wurde,zielwertbestimmung,bereinigten,ebit,erfasst,feststand,finanzergebnis,ausweisen,ferner,wurden,beteiligungsergebnisse,korrigiert,2020,wegen,zeitlicher,verschiebungen,unerwartet,hoch,weitere,anpassung,bezog,wertberichtigungen,jahr,2019,deren,folgewirkungen,zielwert,berücksichtigt,deshalb,eliminiert,wurden,mittelfristplanung,abgeleitete,zielwert,bereinigte,ebit,lag,1556,mio˛•,zielerreichung,100˛,untergrenze,856,mio˛•,zielerreichung,50˛,obergrenze,2256,mio˛•,zielerreichung,150˛,zahlen,istwert,ergibt,2020,zielerreichung,120˛,heißt,unterneh,men,tantieme,20˛,höher,jahresbeginn,fest,gelegte,tantiemebudget,höhe,vorstandsvergütung,hgb,rolf,martin,schmitz,markus,krebber,michael,müller,1zvezdana,seeger,1gesamt,tsd˛•,2020201920202019202020192020201920202019erfolgsunabhängig,1181118311451085156œ154œ26362268festgehalt,211601160800763108œ108œ21761923versorgungsentgelt,3œœ30030043œ43œ386300sach,sonstige,bezüge,212345225œ3œ7445erfolgsabhängig,3084303221872271297œ297œ58655303tantieme,kurzfristig,1584178210871171130œ130œ29312953davon,angerechnete,mandatseinkünfte,28511540146œœœœ129261zuteilungswert,performance,share,4,langfristig,1500125011001100167œ167œ29342350gesamtvergütung,4265421533323356453œ451œ850175711,michael,müller,zvezdana,seeger,gremium,1,november,2020,beigetreten,2,einkünfte,aufsichtsratsmandaten,rwekonzern,michael,müller,zvezdana,seeger,festgehalt,tantieme,angerechnet,2020,betrugen,michael,müller,7,tsd˛•,zvezdana,seeger,einkünfte,3,markus,krebber,michael,müller,zvezdana,seeger,ausgezahlte,versorgungsentgelt,teil,vergütung,hgb,jährliche,dienstzeitaufwand,pensionszusage,rolf,martin,schmitz,jedoch,4,gemäß,hgb,zuteilungswert,zeitpunkt,gewährung,anzusetzen,1an,investoren,2lagebericht,vergütungsbericht,3versicherung,gesetzlichen,vertreter,4konzernabschluss,5weitere,informationen,89,ermittlung,unternehmens,tantieme,2020,2020,mio˛•,zielerreichung,in˛bereinigtes,ebit,1771œanpassungen159œvergütungsrelevantes,ebit,1830120zielwert1556100obergrenze,2256150untergrenze,85650rolf,martin,schmitz,markus,krebber,erreichten,ziele,jeweils,132˛,wegen,kappungsgrenze,liegt,leistungsfaktor,120˛,michael,müller,zvezdana,seeger,jeweils,100˛,kommen,multiplikation,genannten,werte,jeweiligen,unternehmens,tantieme,lässt,ableiten,höhe,einzelnen,vorstandsmitgliedern,individuelle,tantieme,gewährt,wurde,rolf,martin,schmitz,erhielt,1584,tsd˛•,markus,krebber,1087,tsd˛•,michael,müller,130,tsd˛•,zvezdana,seeger,130,tsd˛•,ermittlung,individuellen,tantieme,2020,rolf,martin,schmitzmarkus,krebber,michael,müller,zvezdana,seegertantiemebudget,tsd˛•,1100755108108zielerreichung,beim,vergütungs,relevanten,ebit,120˛120120120unternehmenstantieme,tsd˛•,1320906130130individueller,leistungsfaktor,120120100100individuelle,tantieme,tsd˛•,15841087130130ermittlung,tranche,2020,strategic,performance,plan,2020,mio˛•,zielerreichung,in˛bereinigtes,nettoergebnis,1213œanpassungen1œ˛170œvergütungsrelevantes,nettoergebnis,1043104zielwert1007100obergrenze,1507150untergrenze,507501,siehe,erläuterung,folgenden,seite,aufsichtsrat,rolf,martin,schmitz,markus,krebber,bescheinigt,individuellen,kollektiven,ziele,klar,übererfüllt,wesent,liche,erfolgsfaktoren,abschluss,tauschgeschäfts,eon,fortschritt,transformation,rwe,führenden,erneuerbareenergienunternehmen,meinung,sichtsrats,bestätigt,erneut,starke,performance,rweaktie,kapitalmarkt,wachstumsstrategie,rwe,gutheißt,positiv,hervorgehoben,wurde,vorstand,erwerb,europäischen,projektentwicklungsgeschäfts,nordex,kapitalerhöhung,august,2020,weichen,beschleunigten,ausbau,windkraft,solarkapazitäten,gestellt,öffentlichrechtliche,vertrag,bund,bedingungen,braunkohleausstiegs,sozialverträgliche,ausgestaltung,konsens,tarifvertraglich,geregelt,konnte,trugen,hohen,zielerreichung,hinblick,mitarbeitermotivation,mittels,regelmäßiger,erhebungen,unternehmen,gemessen,konnten,vorgaben,leicht,übererfüllt,crzielen,wesentlichen,co,2intensität,erzeugungs,portfolio,arbeits,sicherheit,sowie,einhaltung,compliance,umwelt,sozialstandards,beziehen,lagen,zielerreichungsgrade,95,120˛,zielunterschreitung,5˛,betraf,co,2intensität,erzeugungsportfolios,ergab,teil,coronabedingten,verzögerungen,fertigstellung,erneuer,bareenergienanlagen,neuen,vorstandsmitgliedern,michael,müller,zvezdana,seeger,bescheinigte,aufsichtsrat,angesichts,reibungslosen,einarbeitung,individuelle,zielerreichung,100˛,bereits,dargelegt,kollektiven,ziele,beurteilung,eingeflossen,1,siehe,erläuterung,vorherigen,seite,1an,investoren,2lagebericht,vergütungsbericht,3versicherung,gesetzlichen,vertreter,4konzernabschluss,5weitere,informationen,90,gemäß,hgb,langfristige,erfolgsabhängige,vergütungs,komponente,wert,beginn,geschäftsjahres,vorläufig,zugeteilten,performance,share,anzugeben,seite,85˛f,erläutert,hängt,höhe,end,gültigen,zuteilung,davon,ab,vergütungsrelevante,nettoergebnis,jeweiligen,geschäftsjahr,vergleich,vorab,definierten,zielwert,entwickelt,letzterer,aufsichtsrat,2020,1007,mio˛•,angesetzt,worden,zuteilung,100˛,untergrenze,betrug,507,mio˛•,zuteilung,50˛,obergrenze,1507,mio˛•,zuteilung,150˛,tatsäch,liche,wert,1043,mio˛•,führte,zielerreichung,104˛,endgültige,zuteilung,performance,share,2020,somit,4˛,höher,vorläufige,vergütungsrelevante,nettoergebnis,bereinigten,nettoergebnis,1213,mio˛•,herausrechnen,ungeplanter,sachverhalte,abgeleitet,worden,bereits,seite,89,erwähnt,wurden,unerwartet,hohe,ergebnisse,beteiligungen,angepasst,folgewirkungen,wertberichtigungen,eliminiert,weitere,korrektur,betraf,steuersatz,berechnung,bereinigten,nettoergebnisses,verwendet,beträgt,aktuell,15˛,zielwert,dagegen,steuersatz,20˛,ermittelt,worden,vergütung,langfristiger,anreizwirkung,strategic,performance,plan,tranche,2020,rolf,martin,schmitz,markus,krebber,michael,müller,zvezdana,seeger,zuteilungsdatum,01012020010120200111202001112020zuteilungswert,tsd˛•,15001100167167durchschnittlicher,aktienkurs,•2641264126412641anzahl,vorläufig,zugeteilter,performance,share,stück,567974165163116311bewertungsdatum31122020311220203112202031122020zielerreichung,vergütungsrelevantem,nettoergebnis,104104104104anzahl,endgültig,zugeteilter,performance,share,stück,590694331765636563ende,vestingperiode,311220233112202331122023311220231an,investoren,2lagebericht,vergütungsbericht,3versicherung,gesetzlichen,vertreter,4konzernabschluss,5weitere,informationen,91,tabelle,unten,gibt,höhe,rückstellungen,verpflichtungen,aktienbasierten,vergütung,spp,zugeführt,wurden,zuführung,rückstellungen,aktienbasierte,vergütungen,langfristiger,anreizwirkung,tsd˛•,20202019rolf,martin,schmitz,25272726markus,krebber,20961982michael,müller,54œzvezdana,seeger,54œsumme47314708,vergütung,langfristiger,anreizwirkung,strategic,performance,plan,tranchen,2017˜œ˜2019,rolf,martin,schmitz,markus,krebber,tranche,jahr,201920182017201920182017zuteilungsdatum,010120190101201801012017010120190101201801012017zuteilungswert,tsd˛•,12501250125011001100988durchschnittlicher,aktienkurs,•191018801162191018801162anzahl,vorläufig,zugeteilter,performance,share,stück,6544566489107573575925851184983bewertungsdatum311220193112201831122017311220193112201831122017zielerreichung,vergütungs,relevantem,nettoergebnis,150123115150123115anzahl,endgültig,zugeteilter,performance,share,stück,9816881781123709863887196997730ende,vestingperiode,311220223112202131122020311220223112202131122020verpflichtungen,altregelung,altersversorgung,dienstzeitaufwand,service,cost,pensionsverpflichtungen,gegenüber,rolf,martin,schmitz,lag,2020,595,tsd˛•,vorjahr,554,tsd˛•,dabei,handelt,vergütungsbestandteil,gemäß,hgb,ifrs,ermittelte,barwert,pensionsverpflichtung,defined,benefit,obligation,betrug,jahresende,16441,tsd˛•,vorjahr,14997,tsd˛•,barwert,pension,verpflichtung,hgb,belief,13166,tsd˛•,vorjahr,11894,tsd˛•,1272,tsd˛•,erhöht,vorjahr,1360,tsd˛•,basis,ruhegeldfähigen,bezüge,31,dezember,2020,ergibt,œ,unverändert,vorjahr,œ,jährliche,rentenzahlung,rolf,martin,schmitz,voraussichtlich,556,tsd˛•,darin,enthalten,ruhegeldansprüche,gegenüber,früheren,arbeitgebern,rwe,ag,übertragen,wurden,1an,investoren,2lagebericht,vergütungsbericht,3versicherung,gesetzlichen,vertreter,4konzernabschluss,5weitere,informationen,92,darstellung,vorstandsvergütung,gemäß,dcgk,2017,ausgestaltung,darstellung,vergütungssystems,orientieren,empfehlungen,deutschen,corporate,governance,kodex,vergangenen,jahren,dabei,maßgebliche,kodexfassung,7,februar,2017,zugrunde,gelegt,wurde,fassung,16,dezember,2019,abgelöst,20,märz,2020,kraft,trat,neue,dcgk,gibt,empfehlungen,mehr,darstellung,vorstandsvergütung,alten,kodexfassung,nutzung,bestimmter,mustertabellen,empfohlen,wurde,kodex,verantwortliche,regierungskommission,vertritt,auffassung,vergütungsberichterstattung,gesetz,umset,zung,zweiten,aktionärs,rechte,richtlinie,arug,ii,inzwischen,hinreichend,geregelt,sei,allerdings,entsprechenden,aktienrechtlichen,vorschriften,erst,geschäfts,jahr,2021,anzuwenden,transparenzlücken,vermeiden,stellen,vorstands,vergütung,2020,nochmals,anhand,übersichten,dar,mustertabellen,dcgk,2017,orientieren,folgenden,tabellen,zeigen,ł,berichtsjahr,gewährten,zuwendungen,einschließlich,nebenleistungen,sowie,variablen,vergütungen,theoretischen,maximal,minimalbeträge,ł,zufluss,fixvergütung,kurzfristiger,variabler,vergütung,langfristiger,variabler,vergütung,differenziert,jeweiligen,bezugsjahren,ł,aufwand,altersversorgung,sonstige,versorgungsleistungen,zuwendungen,vergütungen,gelten,gewährt,mitgliedern,stand,verbindlich,zugesagt,wurden,abweichend,hgb,dabei,unerheblich,umfang,vorstandsmitglied,vergütete,arbeitsleistung,bereits,erbracht,begriff,—zuflussﬁ,stellt,darauf,ab,umfang,vorstandsmitglieder,zahlungen,erhalten,dabei,kommt,termin,auszahlung,darauf,ab,wann,zahlung,hinreichend,sicher,maßgabe,stellen,zuflüsse,spp,2016˛,œ˛2020,dar,beschriebene,abgrenzung,sei,beispiel,tantieme,verdeutlicht,—gewährtﬁ,gilt,jeweilige,geschäftsjahr,vertraglich,vereinbarte,zugesagte,tantiemebudget,zuflusstabelle,dagegen,betrag,ausgewiesen,hoher,wahrscheinlich,keit,tatsächlich,zufließen,zahlung,erst,folgejahr,geleistet,dabei,irrelevant,zeitpunkt,zuflusses,gilt,bereits,erreicht,ermittlung,zielerreichung,tantieme,benötigten,kennzahlen,hinreichender,sicher,heit,feststehen,unterstellt,bereits,jahresende,fall,daher,vorstandstantieme,bereits,berichtsjahr,zuflusstabellen,genannt,1an,investoren,2lagebericht,vergütungsbericht,3versicherung,gesetzlichen,vertreter,4konzernabschluss,5weitere,informationen,93,gewährte,zuwendungen,rolf,martin,schmitz,vorstandsvorsitzender,seit,15102016markus,krebber,finanzvorstand,seit,15102016michael,müller,mitglied,vorstands,seit,01112020zvezdana,seeger,personalvorständin˛˛arbeitsdirektorin,seit,01112020in,tsd˛•,2020min,2020max,2020ist,2019ist,2020min,2020max,2020,2019ist,2020min,2020max,2020,2019ist,2020min,2020max,2020,2019ist,festvergütung,1160116011601160800800800763108108108œ108108108œversorgungsentgelt,œœœœ300300300300434343œ434343œsach,sonstige,bezüge,2121212345454522555œ333œsumme,festvergütung,11811181118111831145114511451085156156156œ154154154œeinjährige,variable,vergütung,tantieme,019801100110010135975572310195108œ0195108œmehrjährige,variable,vergütung,spp,030001500125002200110011000333167œ0333167œtranche,2019,laufzeit,2019˛œ˛2022,œœœ1250œœœ1100œœœœœœœœtranche,2020,laufzeit,2020˛œ˛2023,030001500œ022001100œ0333167œ0333167œsumme,variable,vergütung,049802600235003559185518230528275œ0528275œsumme,variable,feste,vergütung,11816161378135331145470430002908156684431œ154682429œversorgungsaufwand,595595595554œœœœœœœœœœœœgesamtvergütung,17766756437640871145470430002908156684431œ154682429œ1,angepasste,werte,wegen,methodischer,änderung,beim,ausweis,tantieme,1an,investoren,2lagebericht,vergütungsbericht,3versicherung,gesetzlichen,vertreter,4konzernabschluss,5weitere,informationen,94,zufluss,rolf,martin,schmitz,vorstandsvorsitzender,seit,15102016markus,krebber,finanzvorstand,seit,15102016michael,müller,mitglied,vorstands,seit,01112020zvezdana,seeger,personalvorständin˛˛arbeitsdirektorin,seit,01112020in,tsd˛•,2020201920202019202020192020,2019festvergütung,11601160800763108œ108œversorgungsentgelt,œœ30030043œ43œsach,sonstige,bezüge,212345225œ3œsumme,festvergütung,1181118311451085156œ154œeinjährige,variable,vergütung,tantieme,1584178210871171130œ130œmehrjährige,variable,vergütung,spp,250015381975494œœœœauszahlung,tranche,2016,œ1538œ494œœœœauszahlung,tranche,2017,2500œ1975œœœœœsumme,variable,vergütung,4084332030621665130œ130œsumme,feste,variable,vergütung,5265450342072750286œ284œversorgungsaufwand,595554œœœœœœgesamtvergütung,5860505742072750286œ284œ1an,investoren,2lagebericht,vergütungsbericht,3versicherung,gesetzlichen,vertreter,4konzernabschluss,5weitere,informationen,95,neuregelung,vorstandsvergütung,ab,2021,bereits,dargelegt,system,vorstandsvergütung,weiterentwickelt,aktuellen,rechtlichen,anforderungen,erwartungen,unserer,stakeholder,einklang,bringen,neuerungen,gelten,seit,1,januar,2021,grundstruk,tur,vergütungssystems,wurde,festgehalten,heißt,vorstandsvergütung,besteht,weiterhin,festgehalt,versorgungsentgelt,erfolgsabhängiger,tantieme,aktien,basierter,vergütung,ausführliche,darstellung,neuen,vergütungssystems,findet,einladung,diesjährigen,hauptversammlung,system,billigung,vorlegen,einladung,wwwrwecomhv,abgerufen,wichtige,neuerungen,seien,kurz,vorgestellt,ł,aktienbasierte,vergütung,orientiert,künftig,zwei,zusätzlichen,erfolgsfaktoren,co,2intensität,erzeugungsportfolios,relativen,total,shareholder,return,gesamtrendite,rweaktie,verhältnis,gesamtrendite,europäischer,versorgerwerte,setzt,beiden,indikatoren,entwicklung,vergütungsrelevanten,nettoergebnisses,abhängen,viele,vorläufig,zugeteilten,performance,share,ablauf,performancezeitraums,endgültig,gewährt,zeitraum,bislang,betreffende,geschäftsjahr,umfasste,neuen,vergütungssystem,drei,jahre,ausgedehnt,ablauf,drei,kriterien,gleichrangig,ermittlung,endgültigen,zuteilung,herangezogen,anschließend,müssen,performance,share,weiteres,jahr,gehalten,vestingperiode,beläuft,unverändert,vier,jahre,ł,sogenannten,shareholder,ownership,guideline,sog,neues,element,vergütungssystem,aufgenommen,worden,weiteren,angleich,interessen,vorstand,aktionären,dient,sog,verpflichten,vorstandsmitglieder,bestimmten,mindestbetrag,rweaktien,investiert,aktien,vorstandstätigkeit,sowie,weitere,zwei,jahre,deren,beendigung,halten,ordentliche,vorstandsmitglieder,liegt,eigeninvestment,100˛,vorstandsvorsitzenden,200˛,jährlichen,bruttofestgehalts,pro,jahr,müssen,mindestens,25˛,ausgezahlten,variablen,bruttovergütung,rweaktien,angelegt,zielbetrag,erreicht,ł,weitere,wichtige,neuerung,besteht,einführung,clawbackmechanismus,bestehende,malusregelung,ergänzt,seite,86,näher,ausgeführt,bereits,ausgezahlte,variable,vergütung,schwerem,fehlverhalten,vorstands,mitglieds,nachhinein,zurückverlangt,bisherige,reine,malusregelung,ging,weit,erlaubte,lediglich,ausgezahlte,spptranchen,kürzen,einzubehalten,dienstverträgen,michael,müller,zvezdana,seeger,seit,2021,sämtliche,anpassungen,vergütungssystems,berücksichtigt,gleiches,gilt,ab,1,mai,2021,markus,krebber,vorstandsvorsitz,übernimmt,falle,rolf,martin,schmitz,ende,april,vorstand,ausscheidet,wurde,darauf,verzichtet,vertraglichen,konditionen,entsprechend,ändern,1an,investoren,2lagebericht,vergütungsbericht,3versicherung,gesetzlichen,vertreter,4konzernabschluss,5weitere,informationen,96,pumpspeicherkraftwerk,herdecke,versicherung,gesetzlichen,vertreter,03,3,versicherung,gesetzlichen,vertreter,versichern,bestem,wissen,gemäß,anzuwendenden,rechnungslegungs,grundsätzen,konzernabschluss,tatsächlichen,verhältnissen,entsprechendes,bild,vermögens,finanz,ertragslage,konzerns,vermittelt,konzern,lagebericht,geschäftsverlauf,einschließlich,geschäftsergebnisses,lage,konzerns,dargestellt,tatsächlichen,verhältnissen,entsprechendes,bild,vermittelt,sowie,wesentlichen,chancen,risiken,voraussichtlichen,entwicklung,konzerns,beschrieben,essen,5,märz,2021,vorstand,schmitz,krebber,müller,seeger1an,investoren,2lagebericht,3versicherung,gesetzlichen,vertreter,4konzernabschluss,5weitere,informationen,98,41,gewinn,verlustrechnung,10042,gesamtergebnisrechnung,10143,bilanz,10244,kapitalflussrechnung,10445,veränderung,eigenkapitals,10646,anhang,10747,aufstellung,anteilsbesitzes,teil,anhangs,19248,organe,teil,anhangs,22649,bestätigungsvermerk,unabhängigen,abschlussprüfers,233410,informationen,abschlussprüfer,241konzernabschluss,04,windpark,nysäter,schweden,41,gewinn,verlustrechnung,mio˛•,s,anhang,20202019umsatzerlöse,inkl,erdgas˜˜stromsteuer,11389613277erdgas˛˛stromsteuer,1208152umsatzerlöse,11368813125sonstige,betriebliche,erträge,249314756materialaufwand,398149078personalaufwand,423652526abschreibungen,5,10,31543166sonstige,betriebliche,aufwendungen,619503254ergebnis,atequitybilanzierten,beteiligungen,7,12,375321übriges,beteiligungsergebnis,7˘618finanzerträge,81933688finanzaufwendungen,823871626ergebnis,fortgeführter,aktivitäten,steuern,1196œ˜752ertragsteuern,9363œ˛92ergebnis,fortgeführter,aktivitäten,833œ˜660ergebnis,fortgeführter,aktivitäten,2219816ergebnis,10549156davon,ergebnisanteile,gesellschafter,59643davon,ergebnisanteile,hybridkapitalgeber,rwe,ag,15davon,nettoergebnis˜˜ergebnisanteile,aktionäre,rwe,ag,9958498unverwässertes,verwässertes,ergebnis,je,aktie,•,261561382davon,fortgeführten,aktivitäten,•,127œ˛113davon,fortgeführten,aktivitäten,•,02914951an,investoren,2lagebericht,3versicherung,gesetzlichen,vertreter,4konzernabschluss,gewinn,verlustrechnung,5weitere,informationen,100,42,gesamtergebnisrechnung,beträge,steuern,mio˛•˛,s,anhang,202020191ergebnis,10549156versicherungsmathematische,gewinne,verluste,leistungsorientierter,pensionszusagen,ähnlicher,verptungen,˘493œ˛639anteilig,erfasste,erträge,aufwendungen,atequitybilanzierter,beteiligungen,12˘46130marktbewertung,eigenkapitalinstrumenten,˘143279im,eigenkapital,direkt,erfasste,erträge,aufwendungen,erfolgswirksam,umzugliedern,˚682œ˜230unterschied,währungsumrechnung,20˘4171079marktbewertung,fremdkapitalinstrumenten,1927marktbewertung,finanzinstrumenten,sicherungsbeziehung,27˘233479anteilig,erfasste,erträge,aufwendungen,atequitybilanzierter,beteiligungen,12,20,˘6œ˛15im,eigenkapital,direkt,erfasste,erträge,aufwendungen,zukünftig,erfolgswirksam,umzugliedern,˚6371570im,eigenkapital,direkt,erfasste,erträge,aufwendungen,other,comprehensive,income,˚13191340summe,erfassten,erträge,aufwendungen,total,comprehensive,income,˚26510496davon,aktionäre,rwe,ag,entfallend,˘2829706davon,hybridkapitalgeber,rwe,ag,entfallend,15davon,gesellschafter,entfallend,177751,angepasste,werte,aufgrund,rückwirkender,anpassung,erstkonsolidierung,übernommenen,eonaktivitäten,siehe,seite,109,anhang,1an,investoren,2lagebericht,3versicherung,gesetzlichen,vertreter,4konzernabschluss,gesamtergebnisrechnung,5weitere,informationen,101,43,bilanzaktiva,s,anhang,31122020311220191in,mio˛•,langfristiges,vermögen,immaterielle,vermögenswerte,1049134777sachanlagen111790219016atequitybilanzierte,beteiligungen,1232973281übrige,finanzanlagen,1342444337finanzforderungen,14131128sonstige,forderungen,sonstige,vermögenswerte,1534353276ertragsteueransprüche,142264latente,steuern,163976893446135768kurzfristiges,vermögen,vorräte,1716321585finanzforderungen,1424822359forderungen,lieferungen,leistungen,30073621sonstige,forderungen,sonstige,vermögenswerte,15982012756ertragsteueransprüche,228196wertpapiere,1842193258flüssige,mittel,1947743192zur,veräußerung,bestimmte,vermögenswerte,10451274272072824161668640091,angepasste,werte,aufgrund,rückwirkender,anpassung,erstkonsolidierung,übernommenen,eonaktivitäten,siehe,seite,109,anhang,1an,investoren,2lagebericht,3versicherung,gesetzlichen,vertreter,4konzernabschluss,bilanz5weitere,informationen,102,passiva,s,anhang,31122020311220191in,mio˛•,eigenkapital,20anteile,aktionäre,rwe,ag,1718216964anteile,gesellschafter,7895031797117467langfristige,schulden,rückstellungen,221947018937finanzverbindlichkeiten,2339513924ertragsteuerverbindlichkeiten,247971050übrige,verbindlichkeiten,251154862latente,steuern,16190821642728026937kurzfristige,schulden,rückstellungen,2230042638finanzverbindlichkeiten,2312471689verbindlichkeiten,lieferungen,leistungen,23872987ertragsteuerverbindlichkeiten,24237193übrige,verbindlichkeiten,25900311588zur,veräußerung,bestimmte,schulden,539510164171960561668640091,angepasste,werte,aufgrund,rückwirkender,anpassung,erstkonsolidierung,übernommenen,eonaktivitäten,siehe,seite,109,anhang,1an,investoren,2lagebericht,3versicherung,gesetzlichen,vertreter,4konzernabschluss,bilanz5weitere,informationen,103,44,kapitalflussrechnung,mio,•s,anhang,30,20202019ergebnis,fortgeführter,aktivitäten,833œ˛660abschreibungen˛˛zuschreibungen,31792754veränderung,rückstellungen,3422825veränderung,latenten,steuern,48544ergebnis,abgang,anlagegegenständen,wertpapieren,˘54œ˛77sonstige,zahlungsunwirksame,erträge˛˛aufwendungen,˘647œ˛3077veränderung,nettoumlaufvermögens,˘13œ˛2786cash,flow,laufender,geschäftstätigkeit,fortgeführter,aktivitäten,4125œ˜977cash,flow,laufender,geschäftstätigkeit,fortgeführter,aktivitäten,50œ˛546cash,flow,laufender,geschäftstätigkeit,4175œ˜1523immaterielle,vermögenswerte˛˛sachanlagen,investitionen,˘2285œ˛1767einnahmen,anlagenabgängen,13272akquisitionen˛˛beteiligungen,investitionen,˘1073œ˛4einnahmen,anlagenabgängen˛˛desinvestitionen,233623veränderung,wertpapiere,geldanlagen,˘11891592cash,flow,investitionstätigkeit,fortgeführter,aktivitäten,erst˜˜nachdotierung,planvermögen,˚4182516erst˛˛nachdotierung,planvermögen,˘96œ˛42cash,flow,investitionstätigkeit,fortgeführter,aktivitäten,erst˜˜nachdotierung,planvermögen,˚4278474cash,flow,investitionstätigkeit,fortgeführter,aktivitäten,˘76œ˛1203cash,flow,investitionstätigkeit,erst˜˜nachdotierung,planvermögen,˚4354œ˜729,1an,investoren,2lagebericht,3versicherung,gesetzlichen,vertreter,4konzernabschluss,kapitalflussrechnung,5weitere,informationen,104,mio,•s,anhang,30,20202019kapitalveränderungen,einschließlich,gesellschafter,2230œ˛60veränderung,hybridkapital,œ˛869dividenden˛˛ausschüttungen,rweaktionäre,gesellschafter,˘522œ˛560aufnahme,finanzschulden,553715876tilgung,finanzschulden,˘5476œ˛14198cash,flow,finanzierungstätigkeit,fortgeführter,aktivitäten,1769189cash,flow,finanzierungstätigkeit,fortgeführter,aktivitäten,635cash,flow,finanzierungstätigkeit,1775224zahlungswirksame,veränderung,derüssigen,mittel,1596œ˛2028einvon,wechselkurs,sonstigen,wertänderungen,aufn,mittel,˘3415veränderung,˛üssigen,mittel,1562œ˜2013flüssige,mittel,anfang,berichtszeitraums,32125225davon,veräußerung,bestimmte,vermögenswerte,ausgewiesen,201702flüssige,mittel,anfang,berichtszeitraums,laut,konzernbilanz,31923523flüssige,mittel,ende,berichtszeitraums,47743212davon,veräußerung,bestimmte,vermögenswerte,ausgewiesen,20flüssige,mittel,ende,berichtszeitraums,laut,konzernbilanz,47743192,1an,investoren,2lagebericht,3versicherung,gesetzlichen,vertreter,4konzernabschluss,kapitalflussrechnung,5weitere,informationen,105,45,veränderung,eigenkapitals,veränderung,eigenkapitals,gezeichnetes,kapital,rwe,ag,kapital,rücklage,rwe,ag,gewinnrücklage,bilanzgewinnaccumulated,other,comprehensive,income,anteile,aktionäre,rwe,ag,anteile,hybrid,kapital,geber,rwe,ag,anteile,gesellschafter,gesamt,mio˛•,unterschied,wäh,rungsumrechnung,marktbewertung,finanzinstrumenten,s,anhang,20,erfolgsneutral,beizulegenden,zeitwert,bewertete,fremdkapital,instrumente,siche,rung,beziehungstand,01012019,1574238511392851733368736940458114257kapitalauszahlung˛˛einzahlung,œ˛8696œ˛863dividendenzahlungen,œ˛430œ˛430œ˛61œ˛460œ˛951ergebnis,84988498156439156other,comprehensive,income,œ˛1258122849312081321340total,comprehensive,income,83738122849397061577510496übrige,veränderungen,˘174˘874˘1048˘25˘4399˘5472stand,01012020,115742385890810974529551696450317467kapitaleinzahlung,1571844˘1119901622152dividendenzahlungen,˘492˘492˘64˘556ergebnis,995995591054other,comprehensive,income,˘682˘39219˘222˘1277˘42˘1319total,comprehensive,income,313˘39219˘222˘28217˘265übrige,veränderungen,˘123˘875˘998171˘827stand,31122020,17314229859570564185817182789179711,angepasste,werte,aufgrund,rückwirkender,anpassung,erstkonsolidierung,übernommenen,eonaktivitäten,siehe,seite,109,anhang,1an,investoren,2lagebericht,3versicherung,gesetzlichen,vertreter,5weitere,informationen,1064konzernabschluss,veränderung,eigenkapitals,allgemeine,grundlagendie,rwe,ag,sitz,rwe,platz,1,45141,essen,deutschland,mutterunternehmen,rwekonzerns,—rweﬁ,—konzernﬁ,rwe,erzeugt,strom,erneuerbaren,konventionellen,energiequellen,wesentlichen,europa,usa,konzernabschluss,31,dezember,2020,5,märz,2021,vorstand,rwe,ag,veröffentlichung,freigegeben,worden,aufgestellt,wurde,international,financial,reporting,standard,ifrs,europäischen,union,eu,anzuwenden,ergänzend,§,315e,ab,1,hgb,anzuwendenden,handelsrechtlichen,vorschriften,vorjahreszahlen,grundsätzen,ermittelt,worden,neben,gewinn,verlustrechnung,gesamtergebnisrechnung,sowie,bilanz,kapitalflussrechnung,veränderung,eigenkapitals,gezeigt,anhang,enthält,zudem,segmentberichterstattung,zwecke,klareren,darstellung,verschiedene,posten,bilanz,gewinn,verlustrechnung,zusammengefasst,worden,anhang,posten,gesondert,ausgewiesen,erläutert,gewinn,verlustrechnung,gesamtkostenverfahren,gegliedert,konzernabschluss,euro,aufgestellt,beträge,œ,soweit,angegeben,œ,millionen,euro,mio˛•,ausgewiesen,rechentechnischen,gründen,rundungsdifferenzen,auftreten,vorliegende,abschluss,bezieht,geschäftsjahr,1,januar,31,dezember,2020,aufstellung,vollständigkeit,richtigkeit,konzernabschlusses,sowie,œ,lagebericht,rwe,ag,zusammengefassten,œ,konzernlageberichts,liegen,verantwortung,vorstands,rwe,ag,interne,kontrollsysteme,einsatz,konzernweit,einheitlicher,richtlinien,sowie,maßnahmen,weiterbildung,mitarbeiter,gewährleisten,ordnungsmäßigkeit,konzernabschlus,s,konzernlageberichts,einhaltung,gesetzlichen,vorschriften,konzerninternen,46,anhangrichtlinien,sowie,zuverlässigkeit,funktionsfähigkeit,kontrollsysteme,kontinuierlich,konzernweit,geprüft,risikomanagementsystem,konzerns,entsprechend,anforderungen,gesetzes,kontrolle,transparenz,unternehmensbereich,kontrag,darauf,ausgerichtet,vorstand,risiken,frühzeitig,erkennen,bedarf,gegenmaßnahmen,ergreifen,konzernabschluss,zusammengefasste,lagebericht,prüfungsbericht,anwesenheit,abschlussprüfers,prüfungsausschuss,bilanzsitzung,aufsichtsrats,gehend,erörtert,bericht,aufsichtsrats,seite,11,ff,geht,ergebnis,prüfung,aufsichtsrat,hervor,konsolidierungskreis,konzernabschluss,einbezogen,neben,rwe,ag,wesentlichen,ausländischen,tochterunternehmen,rwe,ag,unmittelbar,mittelbar,beherrscht,beurteilung,beherrschung,vorliegt,neben,stimmrechten,sonstige,gesellschaftsvertrag,liche,satzungsmäßige,rechte,sowie,potenzielle,stimmrechte,berücksichtigt,wesentliche,assoziierte,unternehmen,equitymethode,bilanziert,wesentliche,gemeinsa,me,vereinbarungen,equitymethode,gemeinschaftliche,tätigkeit,assoziierte,unternehmen,gesellschaften,denen,rwe,ag,aufgrund,stimmrechts,quote,20˛,50˛,aufgrund,vertraglicher,vereinbarungen,maßgeblichen,einfluss,ausübt,klassifizierung,gemeinsamer,vereinbarungen,eigenständige,vehikel,strukturiert,gemeinschaftliche,tätigkeit,gemeinschaftsunternehmen,neben,rechtsform,vertraglichen,vereinbarungen,sonstige,sachverhalte,umstände,berücksichtigt,insbesondere,lieferbeziehungen,eigenständigen,vehikel,daran,beteiligten,parteien,anteile,tochterunternehmen,gemeinschaftsunternehmen,gemeinschaftlichen,tätigkeiten,assoziierten,unternehmen,konzernsicht,untergeordneter,bedeutung,ifrs,9,bilanziert,1an,investoren,2lagebericht,3versicherung,gesetzlichen,vertreter,4konzernabschluss,anhang5weitere,informationen,107,anteilsbesitz,konzerns,gemäß,§,313,ab,2,hgb,seite,192,ff,dargestellt,folgende,übersicht,zeigt,veränderungen,anzahl,vollkonsolidierten,unterneh,men,verlauf,berichtsjahres,ergeben,anzahl,vollkonsolidierter,unternehmen,inland,ausland,gesamt,stand,01012020,58201259erstkonsolidierungen,41620entkonsolidierungen,œ˛3œ˛9œ˛12verschmelzungen,œ˛4œ˛11œ˛15stand,31122020,55197252,erst,entkonsolidierungen,grundsätzlich,zeitpunkt,erwerbs,verlusts,beherrschung,vorgenommen,anteilsverkäufe,wechsel,beherrschungsstatus,führten,wurden,veräußerungser,gebnisse,höhe,13,mio˛•,sonstigen,betrieblichen,ergebnis,erfasst,vorjahr,18,mio˛•,darüber,hinaus,wurde,verkauf,fortgeführten,aktivitäten,resultierende,entkonsolidierungs,gewinn,höhe,154,mio˛•,vorjahr,8258,mio˛•,gewinn,verlustrechnung,posten,—ergebnis,fortgeführter,aktivitätenﬁ,ausgewiesen,rahmen,käufen,bzw,verkäufen,tochterunternehmen,sonstigen,geschäftseinheiten,wechsel,beherrschungsstatus,führten,wurden,kaufpreise,höhe,270,mio˛•,vorjahr,3592,mio˛•,entrichtet,verkaufspreise,höhe,872,mio˛•,vorjahr,14296,mio˛•,erzielt,dritten,erhaltenen,verkaufspreise,wurden,ausschließlich,zahlungsmitteln,vorjahr,eigen,kapitalanteilen,sowie,verrechnung,zahlungen,rahmen,eon,vereinbarten,transaktion,geleistet,kaufpreise,wurden,berichtsjahr,vollständig,zahlungsmitteln,dritte,entrichtet,vorjahr,verrechnung,zahlungen,rahmen,eon,vereinbarten,transaktion,ausnahme,25,mio˛•,flüssigen,mitteln,gezahlt,wurden,zusammen,hang,wurden,flüssige,mittel,berücksichtigung,veräußerung,bestimmten,vermögenswer,ten,höhe,0,mio˛•,vorjahr,113,mio˛•,erworben,höhe,5,mio˛•,vorjahr,1250,mio˛•,veräußert,unternehmenserwerbe,übernommene,eonaktivitäten,18,september,2019,rwe,rahmen,12,märz,2018,eon,se,vertraglich,vereinbarten,weitreichenden,tauschs,geschäftsteilen,beteiligungen,beherrschung,wesentliche,teile,vormaligen,erneuerbareenergiengeschäfts,eon,erlangt,übernommenen,aktivitäten,europa,usa,geschäftsfeldern,onshore,wind,offshore,wind,sowie,photovoltaik,tätig,unverändert,gegenüber,31,dezember,2019,beträgt,anzahl,atequitybilanzierter,beteiligungen,gemeinschaftsunternehmen,31,davon,elf,inland,20,ausland,zudem,vorjahr,zwei,gesellschaften,gemeinschaftliche,tätigkeiten,abgebildet,davon,greater,gabbard,offshore,wind,limited,großbritannien,wesentliche,gemeinschaftliche,tätigkeit,rwekonzern,greater,gabbard,unterhält,500mwoffshorewindpark,rwe,renewables,uk,swindon,limited,zusammen,scottish,and,southern,energy,sse,renewables,holding,betreibt,rwe,renewables,uk,swindon,limited,hält,50˛,anteile,bezieht,50˛,stromerzeugung,inkl,grünstromzertifikate,windpark,teil,segment,offshore,wind,1an,investoren,2lagebericht,3versicherung,gesetzlichen,vertreter,4konzernabschluss,anhang5weitere,informationen,108,kraftwerk,king™s,lynn,12,februar,2020,wurde,übernahme,100˛,anteile,centrica,kl,limited,ckll,windsor,großbritannien,britischen,energiegesellschaft,gb,gas,holding,limited,tochtergesellschaft,centrica,plc,windsor,großbritannien,ende,dezember,2019,vereinbart,wurde,abgeschlossen,anlage,gasunddampfkombinationskraftwerk,gud,king™s,lynn,norfolk,großbritan,nien,kraftwerk,kapazität,382,mw,britischen,kapazitätsmarkt,jahr,2035,sichere,stabile,kapazitätsprämien,basis,15jährigen,vertrags,laufzeit,ab,oktober,2020,erhalten,erstmalige,bilanzierung,unternehmenszusammenschlusses,folgenden,tabelle,zusammen,übernommenen,vermögenswerten,schulden,dargestellt,stand,erstkonsolidierung,31,dezember,2019,folgenden,tabelle,dargestellt,bilanzposten,ifrsbuchwerte,beizulegender,zeitwert,erstkonsolidierung,mio˛•,langfristige,vermögenswerte,125kurzfristige,vermögenswerte,5langfristige,schulden,9kurzfristige,schulden,88nettovermögen,33kaufpreis,33geschäfts,firmenwert,bilanzposten,ifrsbuchwerte,beizulegender,zeitwert,erstkonsolidierung,stand,31122019,mio˛•,langfristige,vermögenswerte,10292immaterielle,vermögenswerte,1951sachanlagen6332sonstige,langfristige,vermögenswerte,2009kurzfristige,vermögenswerte,1886langfristige,schulden,3979rückstellungen,613finanzverbindlichkeiten,2447sonstige,langfristige,verbindlichkeiten,919kurzfristige,schulden,5260nettovermögen,2939kaufpreis,3592geschäfts,firmenwert,653,bewertungszeitraum,durchgeführte,aktualisierung,erstkonsolidierung,erfassten,werte,führte,folgenden,anpassungen,aufgrund,besserer,erkenntnisse,bezüglich,fair,value,wesentlichen,operating,right,sachanlagen,wurde,erstkonsolidierung,beizulegenden,zeitwert,angesetzte,nettovermögen,höhe,2939,mio˛•,261,mio˛•,2678,mio˛•,vermindert,berücksichtigung,kaufpreisanpassung,infolge,vertraglich,vorgesehener,abrechnungen,resultierte,ergebnis,erhöhung,zeitpunkt,erst,konsolidierung,erfassten,geschäfts,firmenwertes,141,mio˛•,794,mio˛•,seit,erstmaligen,konsolidierung,gesellschaft,25,mio˛•,umsatz,12,mio˛•,ergebnis,konzerns,beigetragen,1an,investoren,2lagebericht,3versicherung,gesetzlichen,vertreter,4konzernabschluss,anhang5weitere,informationen,109,berücksichtigung,abgelöster,gesellschafterdarlehen,höhe,80,mio˛•,betrug,kaufpreis,33,mio˛•,wurde,ausschließlich,flüssigen,mitteln,entrichtet,windkraft,solarprojekte,nordex,anfang,november,2020,rwe,übernahme,100˛,anteile,gesellschaften,nxd,holdco,bv,nxd,france,sa,abgeschlossen,beherrschung,euro,päische,entwicklungsgeschäft,windkraftanlagenherstellers,nordex,erlangt,erworbenen,gesellschaften,wurden,inzwischen,umfirmiert,rwe,renewables,holdco,bv,bzw,rwe,renouvelables,sa,übernommene,entwicklungsgeschäft,umfasst,pipeline,onshorewindkraft,solarpro,jekten,gesamtkapazität,27,gw,davon,entfallen,19,gw,frankreich,hinzu,kommen,vorhaben,spanien,schweden,polen,etwa,15˛,pipeline,stehen,kurz,finalen,investi,tionsentscheidung,befinden,fortgeschrittenen,entwicklungsstadium,230,mw,erzeugungskapazität,konnte,bereits,staatliche,förderung,gesichert,rahmen,transaktion,übernommenen,vermögenswerte,schulden,folgenden,tabelle,dargestellt,seit,erstmaligen,konsolidierung,übernommenen,gesellschaften,nennens,werten,beiträge,umsatz,ergebnis,konzerns,beigetragen,kaufpreis,betrug,berücksichtigung,abgelösten,gesellschafterdarlehen,höhe,21,mio˛•,375,mio˛•,wurde,ausschließlich,flüssigen,mitteln,entrichtet,geschäfts,firmenwert,wesentlichen,erwartende,zukünftige,nutzen,synergieeffekte,zurückzuführen,erstmalige,bilanzierung,unternehmenszusammenschlusses,aufgrund,komplexen,struktur,transaktion,abschließend,festgestellt,bilanzposten,ifrsbuchwerte,beizulegender,zeitwert,erstkonsolidierung,mio˛•,langfristige,vermögenswerte,329kurzfristige,vermögenswerte,0langfristige,schulden,56kurzfristige,schulden,6nettovermögen,267kaufpreis,375geschäfts,firmenwert,108,1an,investoren,2lagebericht,3versicherung,gesetzlichen,vertreter,4konzernabschluss,anhang5weitere,informationen,110,veräußerungen,veräußerungsgruppen,disposal,group,fortgeführte,aktivitäten,východoslovenská,energetika,holding,a,vseh,21,august,2020,rwe,anteile,vollkonsolidierten,zuvor,teil,fortgeführten,innogyaktivitäten,ausgewiesenen,beteiligung,slowakischen,strom,gasver,sorger,východoslovenská,energetika,holding,a,vseh,eon,veräußert,entkonsolidierungs,gewinn,betrug,154,mio˛•,gewinn,verlustrechnung,posten,—ergebnis,fortgeführter,aktivitätenﬁ,ausgewiesen,bisher,konzerninternen,lieferungen,leistungen,entkonsolidierung,fortgeführten,aktivitäten,entweder,dritten,fortgeführt,wurden,eliminierungsbuchungen,rahmen,aufwands,ertragskonsolidierung,vollständig,fortgeführten,aktivitäten,zugeordnet,folgenden,tabellen,wichtige,eckdaten,21,august,2020,entkonsolidierten,fortgeführten,aktivitäten,dargestellt,eckdaten,fortgeführten,aktivitäten,31122019in,mio˛•,langfristige,vermögenswerte,immaterielle,vermögenswerte,405sachanlagen734sonstige,langfristige,vermögenswerte,81147kurzfristige,vermögenswerte,127langfristige,schulden,rückstellungen,9finanzverbindlich,keiten,225sonstige,langfristige,verbindlichkeiten,131365kurzfristige,schulden,145,1an,investoren,2lagebericht,3versicherung,gesetzlichen,vertreter,4konzernabschluss,anhang5weitere,informationen,111,vorjahr,wurden,seit,30,juni,2018,fortgeführte,innogyaktivitäten,ausgewiesenen,teile,innogy,eon,se,veräußert,wesentlichen,betraf,großteil,netz,vertriebsgeschäfts,entkonsolidierungsgewinn,transaktion,betrug,vorjahr,8258,mio˛•,wurde,gewinn,verlustrechnung,posten,—ergebnis,fortgeführter,aktivitätenﬁ,ausgewiesen,anteil,aktionäre,rwe,ag,summe,erfassten,erträge,aufwendungen,total,comprehensive,income,entfallen,œ˛469,mio˛•,vorjahr,237,mio˛•,fortgeführte,aktivitäten,187,mio˛•,vorjahr,9469,mio˛•,fortgeführte,aktivitäten,verkauf,75˜,anteile,onshorewindparks,stella,cranell,sowie,east,west,raymond,dezember,2020,rwe,verträge,algonquin,power,fund,america,inc,usa,tochter,gesellschaft,algonquin,power˛˛utilities,corp,kanada,greencoat,capital,großbritannien,verkauf,insgesamt,75˛,anteile,vier,onshorewindparks,stella,cranell,sowie,east,west,raymond,texas,unterzeichnet,segment,—onshore,wind˛˛solarﬁ,zugeordnet,abschluss,jeweiligen,transaktion,rwe,entsprechenden,windpark,entkonsolidieren,verbleibende,25˛beteiligung,atequitybeteiligung,bilanzieren,eckdaten,fortgeführten,aktivitäten,20202019in,mio˛•,umsatzerlöse,150723890sonstige,erträge,2151518aufwendungen,343723214ergebnis,fortgeführten,aktivitäten,steuern,852194ertragsteuern,18636entkonsolidierungsgewinn,1548258ergebnis,fortgeführten,aktivitäten,22198161,vorjahr,inkl,erträge,fortgeführten,aktivitäten,höhe,1402,mio˛•,2,vorjahr,inkl,erträge,fortgeführten,aktivitäten,höhe,108,mio˛•,3,inkl,aufwendungen,fortgeführten,aktivitäten,höhe,119,mio˛•,vorjahr,9772,mio˛•,windpark,stella,201,mw,wurde,dezember,2018,windpark,cranell,220,mw,september,2020,windpark,east,raymond,200,mw,januar,2021,betrieb,genommen,windpark,west,raymond,240,mw,befindet,zeitpunkt,erstellung,anhangs,bau,voraussichtlich,zweiten,quartal,2021,betrieb,genommen,anschließend,verkauft,verkauf,insgesamt,75˛,anteile,drei,onshorewindparks,stella,cranell,sowie,east,raymond,januar,2021,abgeschlossen,worden,siehe,ereignisse,bilanzstichtag,seite,190,31,dezember,2020,wurden,vermögenswerte,schulden,vier,windparks,veräußerung,bestimmt,bilanz,ausgewiesen,nachfolgend,hauptgruppen,vermögens,werte,schulden,veräußerungsgruppe,dargestellt,eckdaten,veräußerungsgruppe,31122020in,mio˛•,langfristige,vermögenswerte,sachanlagen971sonstige,langfristige,vermögenswerte,4975kurzfristige,vermögenswerte,70langfristige,schulden,rückstellungen,43finanzverbindlich,keiten,277sonstige,langfristige,verbindlichkeiten,105425kurzfristige,schulden,114,kumulativ,eigenkapital,direkt,erfassten,erträge,aufwendungen,accumulated,other,comprehensive,income,veräußerungsgruppe,betragen,18,mio˛•,1an,investoren,2lagebericht,3versicherung,gesetzlichen,vertreter,4konzernabschluss,anhang5weitere,informationen,112,georgia,biomass,31,juli,2020,wurde,18,juni,2020,vertraglich,vereinbarte,veräußerung,gesellschaft,georgia,biomass,biomassegeschäft,rwe,usa,verantwortet,vollzogen,georgia,biomass,segment,wasserkraft˛˛biomasse˛˛gas,zugeordnet,entkonsolidierungsgewinn,betrug,13,mio˛•,gewinn,verlustrechnung,posten,—sonstige,betriebliche,erträgeﬁ,ausgewiesen,installationsschi˝,seabreeze,ii,april,2020,wurde,offshoreinstallationsschiff,—seabreeze,iiﬁ,samt,dazugehörigem,equipment,spic,ronghe,international,financial,leasing,co,ltd,verkauft,übergeben,schiff,segment,—offshore,windﬁ,zugeordnet,transaktion,ergab,gewinn,höhe,mittleren,zweistelligen,millioneneuro,betrags,gewinn,verlustrechnung,posten,—sonstige,betriebliche,erträgeﬁ,ausgewiesen,konsolidierungsgrundsätze,konzernabschluss,einbezogenen,abschlüsse,ausländischen,unternehmen,einheitlichen,bilanzierungs,bewertungsmethoden,aufgestellt,tochterunternehmen,deren,geschäftsjahr,konzernabschlussstichtag,31,dezember,endet,stellen,grundsätzlich,termin,zwischenabschluss,drei,tochtergesellschaften,vorjahr,drei,31,märz,abweichenden,abschlussstichtag,kalenderjahr,abweichende,geschäftsjahre,steuerliche,gründe,länderspezifische,vorschriften,zurückzuführen,unternehmenszusammenschlüsse,erwerbsmethode,bilanziert,heißt,kapitalkonsolidierung,kaufpreis,zuzüglich,betrags,beherrschenden,anteile,neu,bewerteten,nettovermögen,erworbenen,tochterunternehmen,erwerbszeitpunkt,verrechnet,dabei,beherrschenden,anteile,entweder,entsprechenden,anteil,identifizierbaren,nettovermögens,beizulegenden,zeitwert,bewertet,ansatzfähigen,vermögenswerte,schulden,eventualschulden,tochterunternehmen,œ,unabhängig,höhe,beherrschenden,anteils,œ,vollen,beizulegenden,zeitwerten,angesetzt,immaterielle,vermögenswerte,gesondert,geschäfts,firmenwert,bilanzie,ren,unternehmen,abtrennbar,vertraglichen,recht,resultieren,kaufpreisallokation,gemäß,ifrs,3,restrukturierungsrückstellungen,neu,gebildet,übersteigt,kaufpreis,neu,bewertete,anteilige,nettovermögen,erworbenen,tochtergesellschaft,unterschiedsbetrag,geschäfts,firmenwert,aktiviert,liegt,kaufpreis,darunter,unterschiedsbetrag,erfolgswirksam,vereinnahmt,fall,entkonsolidierung,zugehöriger,geschäfts,firmenwert,ergebniswirksam,ausgebucht,anteilsänderungen,denen,möglichkeit,beherrschung,tochterunternehmens,fortbesteht,ergebnisneutral,erfasst,kommt,dagegen,wechsel,beherrschungs,status,verbleibenden,anteile,erfolgswirksam,neu,bewertet,aufwendungen,erträge,sowie,forderungen,verbindlichkeiten,konsolidierten,unternehmen,eliminiert,zwischenergebnisse,herausgerechnet,atequitybilanzierten,beteiligungen,geschäfts,firmenwerte,gesondert,ausgewiesen,wertansatz,beteiligung,erfasst,übrigen,gelten,oben,beschriebenen,konsolidierungsgrundsätze,analog,fall,außerplanmäßige,abschreibungen,equitywertes,erforderlich,weisen,ergebnis,atequitybilanzierten,beteiligungen,abschlüsse,equitymethode,bilanzierten,beteiligungen,ebenfalls,konzerneinheitlichen,bilanzierungs,bewertungsmethoden,aufgestellt,währungsumrechnung,gesellschaften,bewerten,einzelabschlüssen,monetäre,posten,fremder,währung,bilanzstichtag,wechselkurs,tag,erstverbuchung,galt,monetäre,posten,kurs,bilanzstichtag,umgerechnet,bilanzstichtag,eingetretene,kursgewinne,verluste,bewertung,monetären,bilanzposten,fremder,währung,ergebniswirksam,berücksichtigt,umrechnungsverfahren,abschlüsse,gesellschaften,außerhalb,eurozone,funktionale,währungsumrechnung,angewendet,konzernabschluss,einbezogenen,wesentlichen,auslandsgesellschaften,geschäft,selbstständig,landeswährung,betreiben,bilanzposten,konzernabschluss,tagesmittelkursen,bilanzstichtag,euro,umgerechnet,gilt,geschäfts,firmenwerte,vermögenswerte,wirtschaftlich,selbstständigen,ausländischen,teileinheiten,betrachtet,differenzen,vorjahresumrechnung,weisen,erfolgsneutrale,veränderung,other,comprehensive,income,aufwands,ertragsposten,jahresdurchschnittskursen,umgerechnet,umrechnung,eigenkapitalfortschreibung,ausländischer,unternehmen,equity,methode,bilanziert,gehen,entsprechend,1an,investoren,2lagebericht,3versicherung,gesetzlichen,vertreter,4konzernabschluss,anhang5weitere,informationen,113,währungsumrechnung,wurden,u˛a,folgende,wechselkurse,zugrunde,gelegt,wechselkurse,durchschnitt,stichtag,•2020201931122020311220191,usdollar,0870890810891,pfund,sterling,112114111118100,tschechische,krone,3773903813941,polnischer,zloty,0220230220231,dänische,krone,0130130130131,schwedische,krone,0100090100101,norwegische,krone,009010010010,tung,vorgesehen,weiterhin,setzt,aktivierung,voraus,entwicklungsausgaben,hinreichender,wahrscheinlichkeit,künftige,finanzmittelzuflüsse,gegenüberstehen,aktivierte,entwick,lungsausgaben,planmäßig,erwarteten,zeitraum,verkaufs,produkte,abge,schrieben,forschungsausgaben,periode,entstehung,aufwand,erfasst,immaterielle,vermögenswerte,außerplanmäßig,abgeschrieben,erzielbare,betrag,vermögenswertes,buchwert,unterschreitet,gesonderte,regelung,gilt,fall,vermögenswert,teil,zahlungsmittel,generierenden,einheit,letztere,definiert,kleinste,identifizierbare,gruppe,vermögenswerten,mittelzuflüsse,erzeugen,dabei,müssen,mittel,zuflüsse,weitestgehend,unabhängig,denen,vermögenswerte,gruppen,vermögenswerten,immaterieller,vermögenswert,teil,zahlungsmittel,generierenden,einheit,abschreibung,basis,erzielbaren,betrags,einheit,ermittelt,wurde,zahlungsmittel,generierenden,einheit,geschäfts,firmenwert,zugeordnet,übersteigt,buchwert,erzielbaren,betrag,zunächst,geschäfts,firmenwert,höhe,differenzbetrags,außerplanmäßig,abgeschrieben,darüber,hinausgehender,abwertungsbedarf,anteilige,reduzierung,buchwerte,übrigen,vermögenswerte,zahlungsmittel,generie,renden,einheit,berücksichtigt,grund,früher,vorgenommene,außerplanmäßige,abschreibung,entfallen,immateriellen,vermögenswerte,zugeschrieben,allerdings,darf,zuschreibung,erhöhte,buchwert,fortgeführten,anschaffungs,herstellungs,kosten,übersteigen,geschäfts,firmenwerten,zuschreibungen,vorgenommen,sachanlagen,fortgeführten,anschaffungs,herstellungskosten,bilanziert,fremdkapitalkosten,teil,anschaffungs,herstellungskosten,aktiviert,unmittelbar,erwerb,herstellung,sogenannten,qualifizierten,vermögenswertes,zugeordnet,charakteristisch,qualifizierten,vermögenswert,beträchtlicher,zeitraum,erforderlich,beabsichtigten,gebrauchs,verkaufsfähi,gen,zustand,versetzen,anschaffungs,herstellungskosten,sachanlagen,enthalten,gegebenenfalls,geschätzten,ausgaben,stilllegung,anlage,wiedernutzbar,machung,flächen,instandhaltungs,reparaturkosten,aufwand,erfasst,sachanlagen,œ,ausnahme,grund,boden,sowie,grundstücksgleichen,rechten,œ,grundsätzlich,linear,abgeschrieben,sofern,ausnahmefällen,abschreibungsverlauf,nutzungsverlauf,eher,entspricht,abschreibungsmethoden,jährlich,überprüft,planmäßige,abschreibungen,unserer,typischen,anlage,legen,folgenden,konzerneinheitlichen,nutzungsdauern,zugrunde,ebenfalls,jährlich,überprüft,rechnungslegungsmethoden,immaterielle,vermögenswerte,fortgeführten,anschaffungs,herstellungskosten,bilanziert,sämtliche,immaterielle,vermögenswerte,ausnahme,geschäfts,firmenwerten,weisen,bestimmbare,nutzungsdauer,planmäßig,linear,abgeschrieben,nutzungsdauern,abschreibungsmethoden,jährlich,überprüft,software,kaufmännische,technische,anwendungen,drei,fünf,jahre,abgeschrieben,summe,betrieb,kraftwerksanlage,erforderlichen,genehmigungen,operating,right,nutzungs,betriebskonzession,bezeichnet,operating,right,grundsätzlich,wirtschaftliche,nutzungsdauer,kraftwerksanlage,linear,abgeschrieben,aktivierte,kundenbezie,hungen,maximal,zehn,jahre,abgeschrieben,geschäfts,firmenwerte,planmäßig,abgeschrieben,jahr,sowie,vorliegen,anhaltspunkten,wertminderung,werthaltigkeitstest,unterzogen,entwicklungsausgaben,aktiviert,neu,entwickeltes,produkt,verfahren,eindeutig,abgegrenzt,technisch,realisierbar,entweder,eigene,nutzung,vermark,1an,investoren,2lagebericht,3versicherung,gesetzlichen,vertreter,4konzernabschluss,anhang5weitere,informationen,114,sachanlagen,umfassen,zudem,nutzungsrechte,leasingverhältnissen,denen,rwe,leasing,nehmer,nutzungsrechte,anschaffungskosten,bewertet,anschaffungskosten,ergeben,barwert,leasingzahlungen,angepasst,etwaige,vorab,geleistete,zahlungen,anfängliche,direkte,kosten,mögliche,rückbauverpflichtungen,berücksichtigen,erhaltene,leasinganreize,korrigiert,nutzungsrechte,linear,vertragslaufzeit,kürzere,voraussichtliche,nutzungsdauer,abgeschrieben,kurzfristigen,leasingverhältnissen,leasingverhältnissen,bezogen,geringwertige,ver,mögenswerte,leasingzahlungen,laufzeit,leasingverhältnisses,aufwand,erfasst,operatingleasingverhältnissen,denen,rwe,leasinggeber,mindest,leasingraten,laufzeit,leasingverhältnisses,ertrag,erfasst,außerplanmäßige,abschreibung,zuschreibung,sachanlagen,folgt,immaterielle,vermögenswerte,beschriebenen,grundsätzen,atequitybilanzierte,beteiligungen,zunächst,anschaffungskosten,folgeperioden,fortgeschriebenen,anteiligen,nettovermögen,bilanziert,dabei,buchwerte,jährlich,anteiligen,ergebnisse,ausschüttungen,weiteren,eigenkapitalver,änderungen,erhöht,vermindert,geschäfts,firmenwerte,gesondert,ausgewiesen,wertansatz,beteiligung,enthalten,planmäßige,abschreibung,geschäfts,firmenwerte,findet,statt,equitymethode,bilanzierte,beteiligungen,außerplan,mäßig,abgeschrieben,erzielbare,betrag,buchwert,unterschreitet,zugangsbewertung,übrigen,finanzanlagen,ausgewiesenen,finanziellen,vermögens,werte,findet,erfüllungstag,statt,anteile,konsolidierten,tochterunternehmen,equitymethode,bilanzierten,assoziierten,unternehmen,gemeinschaftsunternehmen,ergebniswirksam,beizulegenden,zeitwert,bewertet,sofern,verlässlich,ermittelbar,übrigen,beteiligungen,ebenfalls,beizulegenden,zeitwert,bewertet,sofern,verlässlich,ermittelbar,teil,eigenkapitalinstrumente,option,änderungen,beizulegenden,zeitwertes,other,comprehensive,income,auszuweisen,genutzt,langfristigen,wertpapiere,beizulegenden,zeitwert,bilanziert,wertänderungen,abhängig,klassifikation,ergebniswirksam,ergebnisneutral,ausgewiesen,veräußerung,eigenkapi,talinstrumenten,option,ausweises,änderungen,beizulegenden,zeitwertes,other,comprehensive,income,angewendet,verbleiben,etwaige,gewinne,verluste,eigenka,pital,gewinn,verlustrechnung,umgegliedert,fremdkapitalinstrumente,ergebnisneutral,beizulegenden,zeitwert,bewertet,wertminderung,höhe,erwarteten,kreditverluste,ergebnis,wirksam,erfasst,other,comprehensive,income,ausgewiese,nen,änderungen,abgang,instrumente,erfolgswirksam,erfasst,forderungen,umfassen,finanzforderungen,forderungen,lieferungen,leistungen,sowie,sonstige,forderungen,derivativen,finanzinstrumenten,abgesehen,forderungen,sonstige,vermögenswerte,fortgeführten,anschaffungskosten,abzüglich,risikovor,sorge,höhe,erwarteten,kreditverluste,bewertet,finanzforderungen,ausgewiesenen,ausleihungen,fortgeführten,anschaf,fungskosten,abzüglich,risikovorsorge,höhe,erwarteten,kreditverluste,bewertet,marktüblich,verzinsliche,ausleihungen,nominalwert,bilanziert,zinslose,niedrig,verzinsliche,ausleihungen,dagegen,grundsätzlich,abgezinsten,betrag,verwendung,risiko,adäquaten,zinssatzes,co,2emissionsrechte,zertifikate,alternativer,energien,immaterielle,vermögenswerte,bilanziert,sonstigen,vermögenswerten,ausgewiesen,anschaffungskosten,bewertet,planmäßige,abschreibung,findet,statt,latente,steuern,resultieren,temporären,unterschieden,ifrs,steuerbilanzen,einzelgesellschaften,sowie,konsolidierungsvorgängen,aktiven,latenten,steuern,umfassen,steuerminderungsansprüche,erwarteten,nutzung,bestehender,verlustvorträge,folgejahren,ergeben,latente,steuern,aktivieren,verbundene,wirtschaftliche,vorteile,hinreichender,sicherheit,genutzt,höhe,richtet,steuersätzen,nutzungsdauer,jahren,gebäude7˛œ˛50technische,anlage,thermische,kraftwerke,6˛œ˛40windkraftanlagen,25gas,wasserspeicher,10˛œ˛60anlagen,bergbau,3˛œ˛25grubenaufschlüsse,bergbau,44˛œ˛52sonstige,regenerative,anlage,5˛œ˛50,1an,investoren,2lagebericht,3versicherung,gesetzlichen,vertreter,4konzernabschluss,anhang5weitere,informationen,115,betreffenden,land,realisationszeitpunkt,gelten,bzw,voraussichtlich,gelten,maßgeblich,bilanzstichtag,gültigen,bzw,verabschiedeten,steuerlichen,vorschriften,aktive,passive,latente,steuern,je,gesellschaft,bzw,organkreis,saldiert,vorräte,vermögenswerte,verkauf,normalen,geschäftsgang,gehalten,fertige,erzeugnisse,herstellung,befinden,unfertige,erzeugnisse,leistungen,herstellung,produkten,erbringung,dienstleistungen,verbraucht,roh,hilfs,betriebsstoffe,einschließlich,kernbrennelemente,vorabraum,braunkohleberg,baus,sofern,vorräte,hauptsächlich,absicht,erworben,wurden,kurzfristigen,weiterverkauf,gewinne,erzielen,anschaffungs,herstellungskosten,niedrigeren,nettoveräußerungswerten,angesetzt,herstellungskosten,entsprechen,produktions,orientierten,vollkosten,grundlage,normalen,kapazitätsauslastung,ermittelt,enthalten,neben,direkt,zurechenbaren,kosten,angemessene,teile,notwendigen,material,fertigungsgemeinkosten,fertigungsbedingte,abschreibungen,ebenfalls,berücksich,tigt,fremdkapitalkosten,dagegen,teil,anschaffungs,herstellungskosten,aktiviert,ermittlung,anschaffungskosten,i˛d˛r,durchschnittswerte,herangezogen,abraumverbrauch,braunkohlebergbaus,prinzip,—first,œ,first,outﬁ,fifoverfah,ren,ermittelt,soweit,früher,abgewerteten,vorräten,nettoveräußerungswert,gestiegen,wertaufho,lung,minderung,materialaufwands,erfasst,kernbrennelemente,fortgeführten,anschaffungskosten,bewertet,abschreibungen,arbeitsabhängig,verbrauch,leistungsabhängig,nutzungsdauer,reaktors,ermittelt,vorräte,hauptsächlich,absicht,erworben,wurden,kurzfristigen,weiterverkauf,gewinne,erzielen,beizulegenden,zeitwert,abzüglich,vertriebsaufwendungen,bilanziert,wertänderungen,erfolgswirksam,erfasst,kurzfristig,ausgewiesenen,wertpapieren,zählen,wesentlichen,wertpapiere,spezialfonds,sowie,festverzinsliche,titel,beim,erwerb,restlaufzeit,mehr,drei,monaten,weniger,jahr,wertpapiere,spezialfonds,erfolgswirksam,erfolgsneutral,beizulegenden,zeitwert,bewertet,zugangsbewertung,transaktions,kosten,berücksichtigt,direkt,erwerb,wertpapiers,zuzurechnen,zugangsbewertung,erfolgt,erfüllungstag,realisierte,gewinne,verluste,berücksichtigung,latenter,steuern,abhängig,zugrunde,liegenden,bewertungskategorie,erfolgswirksam,erfolgsneutral,other,comprehensive,income,erfasst,fremdkapitalinstrumente,erfolgsneutral,beizulegenden,zeitwert,bewertet,wertminderung,höhe,erwarteten,kreditverluste,erfolgswirksam,erfasst,other,comprehensive,income,ausgewiesenen,änderungen,abgang,instrumente,erfolgswirksam,erfasst,flüssige,mittel,umfassen,kassenbestände,guthaben,kreditinstituten,kurzfristig,veräußerbare,festverzinsliche,wertpapiere,restlaufzeit,erwerb,drei,monaten,veräußerung,bestimmte,vermögenswerte,vermögenswerte,ausgewiesen,gegenwärtigen,zustand,veräußert,deren,veräußerung,innerhalb,nächsten,zwölf,monate,wahrscheinlich,dabei,einzelne,langfristige,vermögenswerte,gruppen,vermögenswerten,veräußerungsgruppen,geschäftsbereiche,fortgeführte,aktivitäten,handeln,schulden,zusammen,vermögenswerten,transaktion,abgegeben,sollen,bestandteil,veräußerungsgruppe,fortgeführten,aktivität,veräußerung,bestimmte,schulden,gesondert,ausgewiesen,veräußerung,bestimmte,langfristige,vermögenswerte,unterliegen,planmäßigen,abschrei,bung,beizulegenden,zeitwert,abzüglich,veräußerungskosten,angesetzt,sofern,betrag,niedriger,buchwert,gewinne,verluste,bewertung,einzelner,veräußerung,bestimmter,vermögenswerte,veräußerungsgruppen,endgültigen,veräußerung,ergebnis,fortgeführten,aktivitäten,ausgewiesen,gewinne,verluste,bewertung,fortgeführter,aktivitäten,bestimmten,vermögenswerten,fortgeführten,aktivität,bewertungs,vorschriften,gemäß,ifrs,5,fallen,ergebnis,fortgeführten,aktivitäten,erfasst,aktienoptionsprogramme,aktienbasierte,vergütungen,barausgleich,bilanziert,bilanzstichtag,rückstellung,höhe,zeitanteiligen,beizulegenden,zeitwertes,zahlungs,verpflichtung,gebildet,änderungen,beizulegenden,zeitwertes,erfolgswirksam,erfasst,beizulegende,zeitwert,optionen,mithilfe,anerkannter,finanzwirtschaftlicher,modelle,bestimmt,rückstellungen,sämtliche,bilanzstichtag,gegenüber,dritten,bestehenden,rechtlichen,faktischen,verpflichtungen,gebildet,daraus,ergeben,vergangene,ereignisse,1an,investoren,2lagebericht,3versicherung,gesetzlichen,vertreter,4konzernabschluss,anhang5weitere,informationen,116,wahrscheinlich,ressourcenabfluss,führen,höhe,verlässlich,geschätzt,rückstellungen,voraussichtlichen,erfüllungsbetrag,angesetzt,erstattungsansprüchen,saldiert,rückstellung,große,anzahl,positionen,umfasst,verpflichtung,gewichtung,möglichen,ergebnisse,jeweiligen,eintrittswahrschein,lichkeiten,geschätzt,erwartungswertmethode,langfristigen,rückstellungen,bilanzstichtag,abgezinsten,voraussicht,lichen,erfüllungsbetrag,bilanziert,ermittlung,betrags,erfüllungs,zeitpunkt,voraussichtlich,eintretenden,kostensteigerungen,berücksichtigen,anschaffungs,herstellungskosten,sachanlagen,enthalten,gegebenenfalls,geschätzten,ausgaben,stilllegung,anlage,wiedernutzbarmachung,flächen,ausgaben,stilllegungs,rekultivierungs,ähnliche,rückstellungen,gebildet,fall,änderungen,beim,zinssatz,schätzungen,zeitlichen,anfalls,höhe,auszah,lungen,anpassung,rückstellungen,erforderlich,buchwert,zugehörigen,vermögenswertes,entsprechendem,umfang,erhöht,vermindert,fall,verminderung,höher,ausfällt,buchwert,überschießende,betrag,direkt,erfolgswirksam,erfassen,rückstellungen,grundsätzlich,aufwandsposten,aufgelöst,gebildet,wurden,rückstellungen,pensionen,ähnliche,verpflichtungen,leistungsorientierte,versor,gungspläne,gebildet,dabei,handelt,verpflichtungen,unternehmens,anwartschaften,laufenden,leistungen,berechtigte,aktive,ehemalige,mitarbeiter,sowie,deren,hinterbliebene,verpflichtungen,beziehen,insbesondere,ruhegelder,individuellen,zusagen,richten,i˛d˛r,dauer,betriebszugehörigkeit,vergütung,mitarbeiter,bewertung,rückstellungen,leistungsorientierte,versorgungspläne,versiche,rungsmathematische,barwert,jeweiligen,verpflichtung,zugrunde,gelegt,mithilfe,anwartschaftsbarwertverfahrens,projectedunitcreditmethode,ermittelt,verfahren,stichtag,bekannten,renten,erworbenen,anwartschaften,erwartete,künftige,steigerungen,gehältern,renten,berücksichtigt,berechnung,stützt,versicherungsmathematische,gutachten,berücksichtigung,biometrischer,daten,deutschland,insbesondere,richttafeln,2018,g,klaus,heubeck,großbritannien,standard,sap,table,s2pa,jeweils,aktuellen,jahres,berücksichtigung,künftiger,sterblichkeitsveränderun,gen,rückstellung,ergibt,saldo,versicherungsmathematischen,barwertes,verpflichtung,beizulegenden,zeitwertes,deckung,pensionsverpflichtung,gebildeten,planvermögens,dienstzeitaufwand,personalaufwand,enthalten,nettozinsergebnis,geht,finanzergebnis,gewinne,verluste,neubewertungen,nettoschuld,nettovermögenswertes,vollständig,geschäftsjahr,erfasst,anfallen,außerhalb,gewinn,verlustrechnung,bestandteil,other,comprehensive,income,gesamtergebnisrechnung,ausgewiesen,unmittelbar,gewinnrücklagen,gebucht,folgeperioden,mehr,erfolgswirksam,beitragsorientierten,versorgungsplänen,geht,unternehmen,entrichtung,beitrags,zahlungen,zweckgebundene,fonds,hinaus,weiteren,verpflichtungen,beitragszahlungen,personalaufwand,ausgewiesen,entsorgungsrückstellungen,kernenergiebereich,basieren,öffentlichrechtlichen,verpflichtun,gen,insbesondere,atomgesetz,sowie,auflagen,betriebsgenehmigungen,bewertung,liegen,schätzungen,zugrunde,konkretisierenden,verträgen,sowie,angaben,internen,externen,experten,z˛b,fachgutachtern,beruhen,bilanzstichtag,bestehenden,bilanzaufstellung,erkennbaren,verpflichtungen,wiedernutzbarmachung,flächen,sowie,verursachten,bereits,eingetretenen,bergschäden,bergbaubedingte,rückstellungen,berücksichtigt,rückstellungen,aufgrund,öffentlichrechtlicher,verpflichtungen,bilden,entsprechenden,gesetzlichen,regelungen,bundesberggesetz,basieren,betriebsplänen,wasserrechtlichen,erlaubnisbe,scheiden,konkretisiert,rückstellungen,grundsätzlich,vollumfänglich,bezogen,jeweiligen,abbaustand,gebildet,bewertet,erwartenden,vollkosten,bzw,geschätzten,schadenersatzleistungen,wesentlichen,teilen,basieren,kostenschätzungen,externen,gutachten,verpflichtung,einreichung,co,2emissionsrechten,zertifikaten,alternativer,energien,zuständigen,behörden,rückstellung,gebildet,wesentlichen,gesicherten,terminpreis,co,2rechte,bzw,zertifikate,alternativer,energien,bewertet,teil,verpflichtung,vorhandene,termin,erworbene,zertifikate,gedeckt,rück,stellung,dafür,marktpreis,emissionsrechte,bzw,zertifikate,alternativer,energien,stichtag,bewertet,1an,investoren,2lagebericht,3versicherung,gesetzlichen,vertreter,4konzernabschluss,anhang5weitere,informationen,117,verbindlichkeiten,umfassen,finanzverbindlichkeiten,verbindlichkeiten,lieferungen,leistungen,ertragsteuerverbindlichkeiten,sowie,übrige,verbindlichkeiten,erstmaligem,ansatz,grundsätzlich,beizulegenden,zeitwert,einschließlich,transaktionskosten,erfasst,folgeperioden,œ,ausnahme,derivativen,finanzinstrumente,œ,fortgeführten,anschaffungskosten,bewertet,leasingverbindlichkeiten,barwert,künftigen,leasingzahlungen,passiviert,zwecke,folgebewertung,leasingzahlungen,finanzierungskosten,tilgungsanteil,restschuld,aufgeteilt,finanzierungskosten,laufzeit,leasingverhältnisses,verteilt,perioden,konstanter,zinssatz,bezogen,verbliebene,schuld,ergibt,ertragsteuerverbindlichkeiten,ungewisse,ertragsteuerpositionen,angesetzt,wahrscheinlich,i˛d˛r,wahrscheinlichsten,betrag,bewertet,ausnahme,fällen,kommt,bewertung,erwartungswert,betracht,zudem,übrigen,verbindlichkeiten,vertragsverbindlichkeiten,ausgewiesen,vertragsverbindlichkeit,verpflichtung,konzerns,ausgewiesen,güter,dienstleistungen,kunden,übertragen,bereits,gegenleistung,erhalten,bzw,gegenleistung,bereits,fällig,derivative,finanzinstrumente,vermögenswerte,verbindlichkeiten,bilanziert,œ,unabhängig,zweck,œ,beizulegenden,zeitwert,bewertet,änderungen,wertes,erfolgswirksam,erfasst,sei,derivativen,finanzinstrumente,stehen,bilanziel,len,sicherungsbeziehung,fall,richtet,erfassung,änderungen,beizulegenden,zeitwertes,art,sicherungsgeschäfts,fair,value,hedge,bilanzierte,vermögenswerte,schulden,risiko,änderung,beizulegenden,zeitwertes,abgesichert,dabei,gilt,änderungen,beizulegenden,zeitwerte,sicherungsgeschäfts,gesicherten,teils,dazugehörigen,grundgeschäfts,position,gewinn,verlustrechnung,erfasst,absicherung,bilanzunwirksamen,festen,verpflichtungen,fair,value,hedge,bilanziert,änderungen,beizulegenden,zeitwertes,festen,verpflichtung,hinblick,abgesicherte,risiko,führen,erfolgswirksamen,ansatz,vermögenswertes,schuld,cash,flow,hedge,dienen,absicherung,risikos,bilanzierten,vermögenswert,bilanzierten,schuld,hoher,wahrscheinlichkeit,eintretenden,geplanten,transaktion,verbundenen,zukünftigen,zahlungsströme,schwanken,liegt,cash,flow,hedge,realisierten,gewinne,verluste,sicherungsgeschäfts,zunächst,other,comprehensive,income,erfasst,gehen,erst,gewinn,verlustrechnung,abgesicherte,grund,geschäft,erfolgswirksam,geplante,transaktionen,gesichert,führen,transaktionen,späteren,perioden,ansatz,finanziellen,vermögenswertes,finanziellen,verbind,lichkeit,zeitpunkt,eigenkapital,erfassten,beträge,derjenigen,periode,erfolgs,wirksam,aufzulösen,vermögenswert,verbindlichkeit,periodenergebnis,beeinflusst,führen,transaktionen,ansatz,nichtfinanziellen,vermögenswerten,verbindlichkeiten,z˛b,beim,erwerb,sachanlagevermögen,erfolgsneutral,eigenkapital,erfassten,beträge,erstmaligen,wertansatz,vermögenswertes,verbindlichkeit,verrechnet,hedge,nettoinvestitionen,ausländische,teileinheiten,net,investment,hedge,zielen,darauf,ab,fremdwährungsrisiko,beteiligungen,ausländischer,funktionalwährung,abzusichern,realisierte,gewinne,verluste,sicherungsgeschäften,veräußerung,ausländischen,teileinheit,other,comprehensive,income,erfasst,bilanzielle,sicherungsbeziehungen,müssen,ausführlich,dokumentiert,nachfolgend,aufgeführten,effektivitätsanforderungen,erfüllen,ł,grundgeschäft,sicherungsgeschäft,besteht,wirtschaftlicher,zusammenhang,ł,wertänderung,sicherungsbeziehung,kreditrisiko,dominiert,ł,absicherungsverhältnis,basiert,tatsächlich,rahmen,risikomanagements,verwendeten,mengen,effektive,teil,sicherungsbeziehung,darf,beschriebenen,regeln,bilanziert,ineffektive,teil,sofort,erfolgswirksam,gewinn,verlustrechnung,erfasst,verträge,empfang,lieferung,nichtfinanzieller,posten,gemäß,erwarteten,einkaufs,verkaufs,nutzungsbedarf,unternehmens,gegenstand,eigenverbrauchverträge,derivative,finanzinstrumente,schwebende,geschäfte,bilanziert,enthalten,verträge,eingebettete,derivate,derivate,getrennt,basisvertrag,bilanziert,sofern,wirtschaftlichen,merkmale,risiken,eingebetteten,derivats,eng,wirtschaftlichen,merkmalen,risiken,basisvertrags,verbunden,geschriebene,optionen,kauf,verkauf,nichtfinanzieller,posten,barausgleich,erfüllt,eigenver,brauchverträge,1an,investoren,2lagebericht,3versicherung,gesetzlichen,vertreter,4konzernabschluss,anhang5weitere,informationen,118,eventualschulden,mögliche,verpflichtungen,gegenüber,dritten,bereits,bestehende,verpflich,tungen,wahrscheinlich,ressourcenabfluss,führen,höhe,verlässlich,bestimmt,eventualschulden,bilanz,erfasst,rahmen,unternehmenszusammenschlusses,übernommen,wurden,anhang,angegebenen,verpflich,tungsvolumina,eventualschulden,entsprechen,bilanzstichtag,bestehenden,haftungsum,fang,ermessensentscheidungen,anwendung,bilanzierungs,bewertungsmethoden,anwendung,bilanzierungs,bewertungsmethoden,ermessensentscheidungen,treffen,gilt,insbesondere,folgende,sachverhalte,ł,bestimmten,verträgen,entscheiden,derivate,behandeln,sogenannte,eigenverbrauchverträge,schwebende,geschäfte,bilanzieren,ł,finanzielle,vermögenswerte,abhängig,vertraglichen,zahlungsströmen,angewendeten,geschäftsmodell,klassi˚ziert,vertraglichen,zahlungsströme,ausstattungsmerkmale,finanzinstruments,vorgegeben,ergibt,geschäftsmodell,basis,konzerninterner,vorgaben,verschiedenen,portfolio,finanzinstrumenten,ł,vermögenswerten,veräußert,sollen,bestimmen,aktuellen,zustand,veräußert,veräußerung,innerhalb,nächsten,zwölf,monate,wahrscheinlich,beides,fall,vermögenswerte,gegebenenfalls,zugehörige,schulden,veräußerung,bestimmte,vermögenswerte,bzw,schulden,auszuweisen,bewerten,schätzungen,beurteilungen,management,aufstellung,konzernabschlusses,ifrs,erfordert,annahmen,getroffen,schätzungen,gemacht,wert,ansatz,bilanzierten,vermögenswerte,schulden,erträge,aufwendungen,sowie,angabe,eventualschulden,auswirken,annahmen,schätzungen,beziehen,u˛a,bilanzierung,bewertung,rück,stellungen,langfristigen,rückstellungen,stellt,neben,höhe,zeitpunkt,zukünftiger,zahlungsströme,bestimmung,abzinsungsfaktors,wichtige,schätzgröße,dar,abzinsungsfaktor,pensionsverpflichtungen,grundlage,finanzmärkten,bilanzstichtag,beobachtbaren,renditen,erstrangiger,festverzinslicher,unternehmensanleihen,ermittelt,finanzielle,vermögenswerte,anwendungsbereich,wertberichtigungsvorschriften,ifrs,9,höhe,erwarteten,kreditverluste,bestimmen,höhe,wertberichtigung,ergibt,basis,konzerninterner,konzernexterner,informationen,werthaltigkeitstest,geschäfts,firmenwerte,anlagevermögen,stützt,zukunfts,bezogene,annahmen,regelmäßig,angepasst,anlagevermögen,stichtag,prüfen,anhaltspunkt,wertminderung,vorliegt,erwarteten,auswirkungen,coronapandemie,lieferten,aufgrund,jeweiligen,geschäftsmodelle,anlass,werthaltigkeits,test,vorzunehmen,kraftwerke,zahlungsmittel,generierenden,einheit,zusammengefasst,erzeugungskapazität,brennstoffbedarf,teil,portfolio,zentral,gesteuert,zurechnung,einzelner,verträge,zahlungsströme,einzelne,kraftwerke,möglich,erstkonsolidierung,erworbenen,unternehmens,identifizierbaren,vermögens,werte,schulden,eventualschulden,beizulegenden,zeitwert,angesetzt,bestimmung,beizulegenden,zeitwertes,liegen,u˛a,bewertungsmethoden,zugrunde,prognose,zukünftig,erwarteten,cash,flow,erfordern,aktive,latente,steuern,angesetzt,realisierbarkeit,künftiger,steuervorteile,wahrschein,lich,tatsächliche,entwicklung,hinblick,steuerliche,ergebnissituation,nutzbarkeit,aktiver,latenter,steuern,allerdings,einschätzung,zeitpunkt,aktivie,rung,latenten,steuern,abweichen,weitere,informationen,annahmen,schätzungen,konzernabschluss,zugrunde,liegen,finden,erläuterungen,einzelnen,abschlussposten,sämtliche,annahmen,schätzungen,basieren,verhältnissen,beurteilungen,bilanzstichtag,einschätzung,voraussichtlichen,geschäftsentwicklung,wurde,außerdem,zeitpunkt,realistisch,unterstellte,künftige,wirtschaftliche,umfeld,branchen,regionen,denen,rwe,tätig,berücksichtigt,sollten,rahmenbedingungen,entwickeln,erwartet,tatsächlichen,beträge,schätzwerten,abweichen,fällen,annahmen,fall,erforderlich,buchwerte,betroffenen,vermögenswerte,schulden,angepasst,1an,investoren,2lagebericht,3versicherung,gesetzlichen,vertreter,4konzernabschluss,anhang5weitere,informationen,119,zeitpunkt,aufstellung,konzernabschlusses,davon,auszugehen,wesent,liche,änderungen,gegenüber,zugrunde,gelegten,annahmen,schätzungen,ergeben,kapitalmanagement,vordergrund,finanzpolitik,rwekonzerns,steht,gewährleistung,permanenten,zugangs,kapitalmarkt,ziel,jederzeit,fälligen,schulden,refinanzieren,finanzierung,operativen,geschäfts,gewährleisten,ziel,dienen,solides,rating,positiver,operativer,cash,flow,steuerung,kapitalstruktur,rwe,orientiert,verschuldungsfaktor,kleiner,gleich,drei,wert,ermittelt,nettofinanzschulden,wesentlichen,langfristigen,rückstellungen,addiert,kennzahl,relation,bereinigten,ebitda,kern,geschäfts,gestellt,nettoschulden,relevanten,verbindlichkeiten,rwe,bestehen,größtenteils,hybridanleihen,rückstellungen,pensionen,kernenergie,windparks,kapitalstruktur,rwekonzerns,berichtsjahr,wesentlichen,kapital,erhöhung,10˛,grundkapitals,verändert,dabei,wurde,erlös,rund,2,mrd˛•,erzielt,läufig,investitionen,insbesondere,windkraft,solaranlagen,vergleich,vorjahr,erhöht,darüber,hinaus,wurden,nettoschulden,fortgeführten,aktivitäten,zufluss,variation,margin,termingeschäften,strom,rohstoffen,co,2zertifikaten,deutlich,beeinflusst,variation,margin,handelt,zahlungen,denen,transaktionspartner,untereinander,gewinn,verlustpositionen,besichern,tägliche,neubewertung,laufender,verträge,entstehen,einfluss,variation,margin,cash,flow,jedoch,vorübergehend,endet,realisierung,transaktion,kapitalerhöhung,anstieg,finanzvermögens,führte,effekt,investitionen,gegenläufig,insgesamt,belief,nettofinanzverschuldung,31,dezember,2020,44,mrd˛•,niedriger,ende,2019,vorjahr,72,mrd˛•,weiteren,erhöhten,nettoschuldenrelevanten,rückstellungen,03,mrd˛•,113,mrd˛•,vorjahr,110,mrd˛•,berücksichtigung,bergbaubedingten,rückstellungen,rückstellungen,weisen,durchschnitt,lange,duration,höhe,insbesondere,externe,faktoren,allgemeine,zinsniveau,bestimmt,genaue,berechnung,nettoschulden,bzw,nettofinanzschulden,findet,seite,28,lageberichts,verschuldungsfaktor,lag,31,dezember,2020,17,unterhalb,geplanten,maximalgröße,kreditrating,rwe,vielzahl,qualitativer,quantitativer,faktoren,beeinflusst,zählen,finanzmittelzuflüsse,verschuldung,ebenso,marktumfeld,wett,bewerbsposition,politischen,rahmenbedingungen,begebenen,hybridanleihen,wirken,positiv,rating,führenden,ratingagenturen,moody™s,fitch,stufen,hybridkapital,teilen,eigenkapital,bonität,rwe,derzeit,moody™s,—baa3ﬁ,fitch,—bbbﬁ,bewertet,märz,2020,moody™s,ausblick,rwe,aufgrund,voranschreitenden,transformation,erzeuger,strom,erneuerbaren,energien,—positiveﬁ,angehoben,bewegt,rating,rwe,weiterhin,bereich,—investment,gradeﬁ,kurzfristigen,bonitätsnoten,rwe,lauten,—p3ﬁ,vorjahr,—p3ﬁ,bzw,—f2ﬁ,vorjahr,—f2ﬁ,1an,investoren,2lagebericht,3versicherung,gesetzlichen,vertreter,4konzernabschluss,anhang5weitere,informationen,120,änderungen,rechnungs,legungs,vorschriften,international,accounting,standard,board,iasb,änderungen,bestehenden,ifrs,verab,schiedet,rwekonzern,wegen,erfolgten,anerkennung,eu,ab,geschäfts,jahr,2020,verpflichtend,anzuwenden,ł,änderungen,verweise,rahmenkonzept,ifrsstandards,2018,ł,änderungen,ifrs,3,—de˚nition,geschäftsbetriebﬁ,2018,ł,änderungen,ia,1,ia,8,—de˚nition,wesentlichﬁ,2018,ł,änderungen,ifrs,9,ia,39,ifrs,7,—reform,referenzzinssätzeﬁ,2019,siehe,seite,174,anhang,ł,änderung,ifrs,16,—covid19bezogene,mietkonzessionenﬁ,2020,neuen,regelungen,wesentlichen,auswirkungen,rwekonzernabschluss,neue,rechnungslegungsvorschriften,iasb,weitere,standard,änderungen,standard,verabschiedet,eu,geschäftsjahr,2020,verpflichtend,anzuwenden,nachfolgend,aufgeführten,standard,änderungen,standard,voraussichtlich,wesentlichen,auswirkungen,rwekonzernabschluss,ł,ifrs,17,—insurance,contractsﬁ,2017,including,amendment,to,ifrs,17,2020,ł,amendment,to,ia,1,—presentation,of,financial,statement,classi˚cation,of,liability,a,current,or,noncurrentﬁ,2020,and,—presentation,of,financial,statement,classi˚cation,of,liability,a,current,or,noncurrent,œ,deferral,of,e˜ective,dateﬁ,2020,ł,amendment,to,ifrs,3,—business,combination,reference,to,the,conceptual,frameworkﬁ,2020,ł,amendment,to,ia,16,—property,plant,and,equipment,proceeds,before,intended,useﬁ,2020,ł,amendment,to,ia,37,—provisions,contingent,liability,and,contingent,asset,onerous,contract,œ,cost,of,ful˚lling,a,contractﬁ,2020,ł,annual,improvement,to,ifrs,standard,2018œ2020,2020,ł,änderungen,ifrs,4,—verlängerung,vorübergehenden,befreiung,ifrs,9ﬁ,2020,ł,änderungen,ifrs,9,ia,39,ifrs,7,ifrs,4,ifrs,16,—reform,referenzzinssätze,œ,phase,2ﬁ,2020,ł,amendment,to,ia,1,—presentation,of,financial,statement,and,ifrs,practice,statement,2,disclosure,of,accounting,policiesﬁ,2021,ł,amendment,to,ia,8,—accounting,policy,change,accounting,estimate,and,error,de˚nition,of,accounting,estimatesﬁ,2021,ł,proposed,amendment,to,ifrs,16,—leases,covid19related,rent,concession,beyond,30,june,2021ﬁ,2021,1an,investoren,2lagebericht,3versicherung,gesetzlichen,vertreter,4konzernabschluss,anhang5weitere,informationen,121,erläuterungen,gewinn,verlustrechnung,1,umsatzerlöse,umsatzerlöse,erfasst,kunde,beherrschung,güter,dienstleistungen,erlangt,umsatzerlösen,weisen,verkaufserlös,unserer,stromerzeugung,erzeugungstech,nologien,rwekonzerns,sowie,geschäft,endkunden,umsatzerlöse,unserer,kommerziellen,erzeugungsoptimierung,resultieren,basieren,nettoverkaufspreis,abzug,entsprechenden,materialaufwands,umsatzerlöse,unserer,stromerzeugung,sowie,geschäft,endkunden,zeigen,hingegen,bruttobasis,berichtsjahr,rwe,segment,energiehandel,zwei,großkunden,außenumsätze,höhe,6963,mio˛•,bzw,höhe,1544,mio˛•,erzielt,vorjahr,7455,mio,•,bzw,1472,mio˛•,umsatzerlöse,segmentberichterstattung,seite,183,ff,unternehmens,bereichen,regionen,produkten,aufgegliedert,position,—erdgas˛˛stromsteuerﬁ,umfasst,gesellschaften,konzerns,unmittelbar,gezahlte,steuer,ende,geschäftsjahres,bestanden,rwekonzern,bzw,vollständig,erfüllte,leistungsverpflichtungen,vereinnahmung,leistungsverpflichtungen,entfallen,umsatzerlöse,höhe,3154,mio˛•,vorjahr,4276,mio˛•,folgenden,drei,jahren,erwartet,vereinnahmung,hängt,zeitlichen,ablauf,erfüllung,leistungsverpflichtungen,gegenüber,kunden,ab,erwarteten,zukünftigen,umsatzerlöse,verträgen,ursprünglichen,vertragslaufzeit,zwölf,monaten,weniger,darin,enthalten,2,sonstige,betriebliche,erträge,sonstige,betriebliche,erträge,20202019in,mio˛•,erträge,aktivierten,eigenleistungen,8467erträge,bestandsveränderung,erzeugnisse,1030avon,rückstellungen,1110kostenumlagen˛˛erstattungen,175116abgänge,zuschreibungen,anlagegegenständen,inkl,erträge,entkonsolidierungen,128525erträge,derivativen,finanzinstrumenten,3721897ersatz,versicherungsleistungen,6634erträge,leasing,2916währungskursgewinne,71übrige,636306149314756die,erträge,derivativen,finanzinstrumenten,resultieren,wesentlichen,energie,handelsaktivitäten,vorjahr,wurden,segment,wasser˛˛biomasse˛˛gas,zuschreibungen,schottischen,biomasse,kraftwerk,markinch,höhe,71,mio˛•,vorgenommen,erzielbarer,betrag,02,mrd˛•,wesent,lichen,begründet,geänderte,annahmen,förderung,bereich,erneuerbaren,energien,zuschreibungen,entfielen,vollständig,sachanlagevermögen,zudem,wurden,vorjahr,segment,wasser˛˛biomasse˛˛gas,zuschreibungen,zahlungsmittel,generierenden,einheit,deutsche,gas,wasserkraftwerke,inkl,zugehörigen,strom,bezugsverträge,höhe,363,mio˛•,vorgenommen,erzielbarer,betrag,05,mrd˛•,wesentlichen,neudefinition,zahlungsmittel,generierenden,einheiten,ehemaligen,segment,europäische,stromerzeugung,begründet,zuschreibungen,entfielen,vollständig,sachanlagevermögen,1an,investoren,2lagebericht,3versicherung,gesetzlichen,vertreter,4konzernabschluss,anhang5weitere,informationen,122,vorjahr,enthielten,übrigen,erträge,höhe,2600,mio˛•,bund,zugesagten,entschädigungsleistungen,vorzeitigen,ausstieg,braunkohlegeschäft,erträge,abgang,finanzanlagen,ausleihungen,soweit,beteiligungen,betreffen,beteiligungsergebnis,ausgewiesen,ansonsten,œ,ebenso,erträge,abgang,kurzfristiger,wertpapiere,œ,finanzergebnis,gezeigt,geschäftsentwicklung,zutreffender,darzustellen,weisen,unrealisierte,realisierte,ergebnis,fair,value,bewerteten,verträgen,segment,energiehandel,netto,nettoertrag,belief,2020,3613,mio˛•,vorjahr,258,mio˛•,3,materialaufwand,materialaufwand,20202019in,mio˛•,aufwendungen,roh,hilfs,betriebssto˜e,sowie,bezogene,85407663aufwendungen,bezogene,leistungen,1274141598149078in,materialaufwendungen,aufwendungen,einsatzstoffe,kraftwerke,enthalten,aufwendungen,kohle,höhe,75,mio˛•,vorjahr,195,mio˛•,wurden,erfüllung,geltenden,marktpreis,erfasst,berichtsjahr,wurden,wertberichtigungen,höhe,140,mio˛•,lagermaterialien,kohle,vorräte,erfasst,wertberichtigungen,wurden,aufgrund,gesunkenen,marktpreisen,sowie,rahmen,zahlungsmittel,generierenden,einheiten,garzweiler,hambach,inden,sowie,stein,kohlekraftwerkspark,durchgeführten,wertminderungstests,vorgenommen,siehe,seite,124,anhang,vorjahr,wurden,aufgrund,gesunkenen,marktpreisen,wertberichtigungen,kohlevorräte,höhe,21,mio˛•,vorgenommen,personalaufwand,20202019in,mio˛•,löhne,gehälter,18912124sozialabgaben,aufwendungen,altersversorgung,unterstützung,47440223652526,anzahl,mitarbeiter,20202019tarif,sonstige,mitarbeiter,1327228214außertitarbeiter,635898681963038082,abschreibungen,20202019in,mio˛•,immaterielle,vermögenswerte,156107sachanlagen2998305931543166,4,personalaufwand,anzahl,mitarbeiter,ergibt,umrechnung,vollzeitstellen,heißt,teilzeitbeschäftigte,befristet,beschäftigte,teilzeitquote,bzw,beschäftigungszeit,verhältnis,jahresbeschäftigungszeit,erfasst,jahresdurchschnitt,wurden,669,auszubildende,beschäftigt,mitarbeiterzahlen,auszubildenden,enthalten,vorjahr,enthielt,angegebene,anzahl,mitarbeiter,jahresdurchschnittswert,einschließlich,zweiten,quartals,2019,fortgeführten,innogyaktivitäten,fortgeführten,innogyaktivitäten,entfielen,vorjahr,14663,tarif,sonstige,mitarbeiter,sowie,4561,außertarif,liche,mitarbeiter,jahresdurchschnitt,vorjahres,wurden,1280,auszubildende,beschäftigt,davon,659,fortgeführten,innogyaktivitäten,zuzuordnen,5,abschreibungen,1an,investoren,2lagebericht,3versicherung,gesetzlichen,vertreter,4konzernabschluss,anhang5weitere,informationen,123,außerplanmäßige,abschreibungen,20202019in,mio˛•,immaterielle,vermögenswerte,1846sachanlagen1712192217301968,segment,wasser˛˛biomasse˛˛gas,ergab,werthaltigkeitstest,zahlungsmittel,generierende,einheit,niederländischer,kraftwerkspark,außerplanmäßige,abschreibung,557,mio˛•,erzielbarer,betrag,07,mrd˛•,hintergrund,verschlechternde,marktbedingungen,niederlanden,werthaltigkeitstests,segment,kohle˛˛kernenergie,ergaben,außerplanmäßigen,abschrei,bungsbedarf,sachanlagevermögen,791,mio˛•,ursächlich,wesentlichen,geänderte,marktbedingungen,konkretisierungen,rahmen,braunkohleausstiegs,außerplanmäßigen,abschreibungen,entfallen,zahlungsmittel,generierende,einheit,garzweiler,579,mio˛•,erzielbarer,betrag,08,mrd˛•,zahlungsmittel,generierende,einheit,hambach,114,mio˛•,erzielbarer,betrag,œ˛07,mrd˛•,zahlungsmittel,generierende,einheit,inden,98,mio˛•,erzielbarer,betrag,œ˛04,mrd˛•,sachanlagevermögen,einheiten,hambach,inden,ausnahme,verkehrswert,bilanzierten,grundstücken,gebäuden,vollständig,abgeschrieben,darüber,hinaus,wurden,außerplanmäßige,abschreibungen,sachanlagevermögen,stein,kohlekraftwerksparks,segment,kohle˛˛kernenergie,höhe,231,mio˛•,vorgenommen,erziel,barer,betrag,00,mrd˛•,wertberichtigung,stand,zusammenhang,steinkohle,ausstieg,kraftwerke,ibbenbüren,b,westfalen,e,nahmen,erfolgreich,ersten,ausschreibungsrunde,stilllegungsauktionen,teil,wurden,demzufolge,vorzeitig,1,januar,2021,stillgelegt,stilllegung,steht,vorbehalt,prüfung,bundesnetzagentur,bzgl,systemrelevanz,beiden,kraftwerke,abschreibungen,folgende,außerplanmäßige,abschreibungen,enthalten,vorjahr,wurden,segment,offshore,wind,außerplanmäßige,abschreibungen,offshore,windpark,nordsee,ost,höhe,225,mio˛•,erzielbarer,betrag,06,mrd˛•,vorgenommen,resultierte,wesentlichen,geänderten,preis,kostenerwartungen,zudem,wurden,vorjahr,segment,energiehandel,außerplanmäßige,abschreibungen,gas,speicher,höhe,69,mio˛•,davon,65,mio˛•,sachanlagen,4,mio˛•,immaterielle,vermögenswerte,vorgenommen,wesentlichen,aufgrund,geänderter,preiserwartungen,erzielbarer,betrag,00,mrd˛•,vorjahr,konkretisierenden,gesetzlichen,maßnahmen,reduzierung,bzw,beendigung,braun,steinkohleverstromung,deutschland,segment,kohle˛˛kernenergie,bzw,abspaltung,beiden,bisherigen,zahlungsmittel,generierenden,einheiten,braunkohle˛,kernenergie,deutscher,kraftwerkspark,ehemaligen,segment,europäische,stromerzeugung,folge,werthaltigkeitstest,segment,kohle˛˛kernenergie,vorjahr,genannten,anlass,vorgenommen,ergab,neue,zahlungsmittel,generierende,einheit,hambach,außer,planmäßige,abschreibung,höhe,400,mio˛•,erzielbarer,betrag,œ˛02,mrd˛•,neue,zahlungsmittel,generierende,einheit,inden,außerplanmäßige,abschreibung,höhe,114,mio˛•,erzielbarer,betrag,00,mrd˛•,neue,zahlungsmittel,generierende,einheit,garzweiler,außerplanmäßige,abschreibung,höhe,253,mio˛•,erzielbarer,betrag,13,mrd˛•,effekte,resultierten,ausschließlich,bundesregierung,vereinbarten,vorzeitigen,beendigung,braunkohleverstromung,außerplanmäßigen,abschreibungen,entfielen,höhe,240,mio˛•,rückstellungsveränderungen,vorjahr,posten,—sachanlagenﬁ,aktiviert,worden,vorjahr,ergab,vorgenommene,werthaltigkeitstest,segment,wasser˛˛biomasse˛˛gas,ehemaliges,segment,europäische,stromerzeugung,neue,zahlungsmittel,generierende,einheit,deutsche,gas,wasserkraftwerke,inkl,zugehörigen,strombezugsverträge,wertaufholungen,höhe,363,mio˛•,sonstigen,betrieblichen,erträgen,erfasst,wurden,erzielbarer,betrag,05,mrd˛•,erzielbare,betrag,jeweiligen,vermögenswerte,bereich,steinkohle,segment,kohle˛˛kernenergie,ehemaliges,segment,europäische,stromerzeugung,wurde,aufgrund,geänder,ten,regulatorischen,umfelds,erstmalig,einzeln,ermittelt,daraus,ergaben,außerplanmäßige,abschreibungen,76,mio˛•,erzielbarer,betrag,02,mrd˛•,effekte,resultieren,entfallenen,kompensationen,abspaltung,steinkohlekraftwerke,zugehörigen,strombezugsverträ,ge,bisherigen,zahlungsmittel,generierenden,einheit,strombezugsverträge,wurden,vorjahr,ebenfalls,erstmalig,einzeln,bewertet,1an,investoren,2lagebericht,3versicherung,gesetzlichen,vertreter,4konzernabschluss,anhang5weitere,informationen,124,vorjahr,wurden,darüber,hinaus,außerplanmäßige,abschreibungen,zahlungsmittel,generie,rende,einheit,niederländischer,kraftwerkspark,segment,wasser˛˛biomasse˛˛gas,ehemaliges,segment,europäische,stromerzeugung,höhe,693,mio˛•,erzielbarer,betrag,11,mrd˛•,vorge,nommen,hintergrund,vorzeitige,beendigung,steinkohleverstromung,niederlanden,sonstige,außerplanmäßige,abschreibungen,immaterielle,vermögenswerte,sachanlagen,wurden,wesentlichen,aufgrund,kostensteigerungen,geänderten,preiserwartungen,vorgenommen,erzielbaren,beträge,grundsätzlich,basis,beizulegender,zeitwerte,abzüglich,veräuße,rungskosten,segment,onshore,wind˛˛solar,zudem,basis,nutzungswerten,ermittelt,zeitwerte,mithilfe,bewertungsmodellen,zugrundelegung,cashflowplanun,gen,hergeleitet,berichtsjahr,basierten,bewertungsmodelle,diskontierungszinssätzen,steuern,bandbreite,275˛,450˛,vorjahr,250˛,475˛,ehemaligen,segment,fortgeführte,innogyaktivitäten,basierten,diskontierungszinssätzen,steuern,höhe,390˛,425˛,zentralen,planungsannahmen,beziehen,u˛a,entwicklung,großhandelspreise,strom,rohöl,erdgas,kohle,co,2emissionsrechten,marktanteile,regulatorischen,rahmenbedingungen,aufgrund,verwendung,interner,planungsannahmen,ermittelten,beizulegenden,zeitwerte,stufe,3,fairvaluehierarchie,zuzuordnen,6,sonstige,betriebliche,aufwendungen,sonstige,betriebliche,aufwendungen,20202019in,mio˛•,instandhaltung,inkl,erneuerungsverphtungen,499505rückstgen,481814struktur,anpassungsmaßnahmen,12151rechts,sonstige,beratung,sowie,datenverarbeitung,301273abgänge,kurzfristigen,vermögenswerten,wertminderungen,wertminderungen,vorräten,wertpapieren,494abgänge,anlagegegenständen,inkl,aufwand,entkonsolidierung,3224versicherungen,provisionen,frachten,ähnliche,vertriebsaufwendungen,8261allgemeine,verwaltungskosten,5165aufwendungen,derivativen,finanzinstrumenten,50770aufwendungen,leasing,3042gebühren,beiträge,5665sonstige,steuern,wesentlichen,substanzsteuern,4029übrige,24315119503254die,aufwendungen,derivativen,finanzinstrumenten,resultieren,wesentlichen,energiehandelsaktivitäten,vorjahr,betrafen,rückstellungszuführungen,wesentlichen,kernenergie,bergbau,bereich,1an,investoren,2lagebericht,3versicherung,gesetzlichen,vertreter,4konzernabschluss,anhang5weitere,informationen,125,beteiligungsergebnis,20202019in,mio˛•,ergebnis,atequitybilanzierten,beteiligungen,375321ergebnis,konsolidierten,tochterunternehmen,˘821ergebnis,übrigen,beteiligungen,61ergebnis,abgang,beteiligungen,45ergebnis,ausleihungen,beteiligungen,111übriges,beteiligungsergebnis,˚618314329,7,beteiligungsergebnis,beteiligungsergebnis,enthält,sämtliche,erträge,aufwendungen,zusammenhang,betrieblich,veranlassten,beteiligungen,entstanden,umfasst,ergebnis,atequitybilan,zierten,beteiligungen,übrige,beteiligungsergebnis,finanzergebnis,20202019in,mio˛•,zinsen,ähnliche,erträge,283185andere,finanzerträge,1650503finanzerträge,1933688zinsen,ähnliche,aufwendungen,296258zinsanteile,zuführungen,rückstellungen,pensionen,ähnliche,verptungen,inkl,aktivisch,ausgewiesenen,nettovermögens,3749rückstellungen,entsorgung,kernenergiebereich,bergbaubedingten,rückstellungen,203723sonstigen,rückstellungen,15109andere,finanzaufwendungen,1836487finanzaufwendungen,23871626˚454œ˜938,8,finanzergebnis,finanzergebnis,setzt,zinsergebnis,zinsanteilen,rückstellungszuführungen,sowie,finanzerträgen,finanzaufwendungen,zusammen,zinsanteile,rückstellungszuführungen,enthalten,jährlichen,aufzinsungsbeträge,rechnerischen,zinserträge,planvermögen,deckung,pensionsverpflichtungen,gekürzt,vorjahr,wurde,aufgrund,vorzeitigen,beendigung,braunkohleverstromung,rahmen,deutschen,kohleausstiegs,realabzinsungssatz,berechnung,bergbaurückstellungen,gesenkt,verbundene,anstieg,verpflichtungsbarwerte,höhe,463,mio˛•,aufwand,zinsanteilen,rückstellungszuführungen,berücksichtigt,zinsaufwendungen,leasingverbindlichkeiten,beliefen,berichtsjahr,35,mio˛•,vorjahr,26,mio˛•,zinsergebnis,enthält,wesentlichen,zinserträge,verzinslichen,wertpapieren,ausleihungen,erträge,aufwendungen,wertpapieren,sowie,zinsaufwendungen,1an,investoren,2lagebericht,3versicherung,gesetzlichen,vertreter,4konzernabschluss,anhang5weitere,informationen,126,zinsergebnis,20202019in,mio˛•,zinsen,ähnliche,erträge,283185zinsen,ähnliche,aufwendungen,296258˚13œ˜73,zusammenhang,erwerb,herstellung,qualifizierter,vermögenswerte,wurden,berichtsjahr,fremdkapitalkosten,höhe,61,mio˛•,vorjahr,39,mio˛•,bestandteil,anschaffungs,herstellungskosten,aktiviert,dabei,zugrunde,gelegte,finanzierungskostensatz,bewegte,30˛,37˛,vorjahr,37˛,40˛,zinsergebnis,bewertungskategorien,20202019in,mio˛•,fortgeführten,anscha˜ungskosten,bewertete,fremdkapitalinstrumente,78123erfolgswirksam,beizulegenden,zeitwert,bewertete,finanzinstrumente,330erfolgsneutral,beizulegenden,zeitwert,bewertete,fremdkapitalinstrumente,1416erfolgsneutral,beizulegenden,zeitwert,bewertete,eigenkapitalinstrumente,18716zu,fortgeführten,anscha˜ungskosten,bewertete,˚nanzielle,verbindlichkeiten,˘295œ˛258˚13œ˜73,zinsergebnis,resultiert,finanziellen,vermögenswerten,verbindlichkeiten,folgenden,bewertungskategorien,gemäß,ifrs,9,zugeordnet,finanzerträgen,zählen,u˛a,realisierte,gewinne,abgang,wertpapieren,höhe,28,mio˛•,vorjahr,19,mio˛•,finanzaufwendungen,entfallen,17,mio˛•,vorjahr,5,mio˛•,realisierte,verluste,abgang,wertpapieren,ertragsteuern,20202019in,mio˛•,tatsächliche,ertragsteuern,˘122œ˛136latente,steuern,48544363œ˜92,9,ertragsteuern,latenten,steuern,entfallen,439,mio˛•,vorjahr,29,mio˛•,temporäre,differenzen,berichtsjahr,ergaben,veränderungen,wertberichtigungen,latenter,steuern,höhe,418,mio˛•,vorjahr,572,mio˛•,tatsächlichen,ertragsteuern,per,saldo,aufwendungen,höhe,16,mio˛•,vorjahr,erträge,höhe,74,mio˛•,enthalten,vorangegangene,perioden,betreffen,nutzung,vorjahren,angesetzten,steuerlichen,verlustvorträgen,verminderten,tatsächlichen,ertragsteuern,10,mio˛•,vorjahr,37,mio˛•,aufwendungen,latenten,steuern,verringerten,aufgrund,neu,einzuschätzender,bisher,erfasster,steuerlicher,verlustvorträge,7,mio˛•,vorjahr,0,mio˛•,1an,investoren,2lagebericht,3versicherung,gesetzlichen,vertreter,4konzernabschluss,anhang5weitere,informationen,127,steuerüberleitungsrechnung,20202019in,mio˛•,ergebnis,steuern,1196˚752theoretischer,steueraufwand,390˚245unterschied,ausländischen,steuersätzen,˘98˘37steuere˜ekte,steuerfreie,dividenden,˘123˘49sonstige,steuerfreie,erträge,˘31˘10steuerlich,abzugsfähige,aufwendungen,2930equitybilanzierung,assoziierten,unternehmen,inkl,abschreibung,geschäfts,firmenwerte,assoziierten,unternehmen,˘30˘55nicht,nutzbare,verlustvorträge,nutzung,bilanzierten,verlustvorträgen,abschreibungen,verlustvorträge,latenzierung,verlustvorträgen,377175ergebnisse,verkauf,unternehmensanteilen,˘1˘48steuersatzänderungen,8629sonstige,wertberichtigungen,latenter,steuern,organkreis,rwe,ag,˘69207sonstiges,˘167˘89e˝ektiver,steueraufwand,363˚92e˜ektiver,steuersatz,in˛,304122,theoretischen,steueraufwand,ermitteln,rwe,ag,gültige,steuersatz,höhe,326˛,vorjahr,326˛,herangezogen,ergibt,geltenden,körperschaftsteuersatz,15˛,solidaritätszuschlag,55˛,konzerndurchschnittlichen,gewerbeertragsteuer,satzim,other,comprehensive,income,erfasste,ertragsteuern,20202019in,mio˛•,marktbewertung,eigenkapital,instrumenten,11˘3marktbewertung,fremdkapital,instrumenten,˘9˘12marktbewertung,finanzinstrumenten,sicherungs,beziehung107˘288versicherungsmathematische,gewinne,verluste,leistungs,orientierter,pensionszusagen,ähnlicher,verptungen,1˘4017669˚1271,inkl,wertberichtigung,steuern,höhe,311,mio˛•,vorjahr,394,mio˛•,wurden,direkt,eigenkapital,verrechnet,1an,investoren,2lagebericht,3versicherung,gesetzlichen,vertreter,4konzernabschluss,anhang5weitere,informationen,128,erläuterungen,bilanz,10,immaterielle,vermögenswerte,immaterielle,vermögenswerte,mio˛•,entwicklungs,ausgabenkonzessionen,gewerbliche,schutzrechte,lizenzen,ähnliche,rechte,kunden,beziehungen,ähnli,che,werte,geschäfts,firmenwerte,geleistete,anzahlungen,summeanscha˝ungs,bzw,herstellungskosten,stand,01012020,403713310254966618zu˛˛abgänge,änderungen,konsolidierungskreises,161˘1108268zugänge,19423umbuchungen,˘165währungsanpassungen,˘1˘98˘13˘46˘158abgänge138847stand,31122020,3737632962603106709kumulierte,abschreibungen,stand,01012020,36179961841zu˛˛abgänge,änderungen,konsolidierungskreises,˘155˘1˘156abschreibungen,berichtsjahres,213816156umbuchungen,˘22währungsanpassungen,˘1˘6˘1˘8abgänge13637stand,31122020,341742201796buchwerte,stand,31122020,3202127626031049131an,investoren,2lagebericht,3versicherung,gesetzlichen,vertreter,5weitere,informationen,4konzernabschluss,anhang129,immaterielle,vermögenswerte,mio˛•,entwicklungs,ausgabenkonzessionen,gewerbliche,schutzrechte,lizenzen,ähnliche,rechte,kunden,beziehungen,ähnli,che,werte,geschäfts,firmenwerte,geleistete,anzahlungen,summeanscha˝ungs,bzw,herstellungskosten,stand,01012019,3622141171893978zu˛˛abgänge,änderungen,konsolidierungskreises,114043047942503zugänge,222226umbuchungen,15˘51währungsanpassungen,73537115abgänge55stand,31122019,403713310254966618kumulierte,abschreibungen,stand,01012019,33175111785zu˛˛abgänge,änderungen,konsolidierungskreises,˘2˘57˘59abschreibungen,berichtsjahres,4985107währungsanpassungen,178stand,31122019,36179961841buchwerte,stand,31122019,419143042549647771an,investoren,2lagebericht,3versicherung,gesetzlichen,vertreter,5weitere,informationen,4konzernabschluss,anhang130,forschung,entwicklung,rwekonzern,berichtsjahr,20,mio˛•,vorjahr,25,mio˛•,aufgewendet,geschäfts,firmenwerte,setzen,folgt,zusammen,geschäfts,firmenwerte,31122020311220191in,mio˛•,o˜shore,wind,13761422onshore,wind˛˛solar,108wasser˛˛biomasse˛˛gas,113121energiehandel,1006100626032549,1,angepasste,werte,aufgrund,rückwirkender,anpassung,erstkonsolidierung,übernommenen,eonaktivitäten,siehe,seite,109,anhang,wirkung,1,januar,2020,neue,zahlungsmittel,generierende,einheiten,gebildet,worden,zuge,wurden,ehemaligen,zahlungsmittel,generierenden,einheit,fortgeführte,innogy,aktivitäten,geschäfts,firmenwerte,höhe,606,mio˛•,neue,zahlungsmittel,generie,rende,einheit,offshore,wind,höhe,121,mio˛•,neue,zahlungsmittel,generierende,einheit,wasser˛˛biomasse˛˛gas,übertragen,geschäfts,firmenwert,ehemaligen,zahlungs,mittel,generierenden,einheit,übernommene,eonaktivitäten,wurde,höhe,816,mio˛•,neue,zahlungsmittel,generierende,einheit,offshore,wind,übertragen,zusammenhang,bildung,neuen,zahlungsmittel,generierenden,einheiten,durchge,führte,impairmenttest,wertberichtigung,geführt,berichtsjahr,erstkonsolidierung,windkraft,solarprojekte,nordex,segment,onshore,wind˛˛solar,geschäfts,firmenwert,höhe,108,mio˛•,zugegangen,wert,haltigkeit,geschäfts,firmenwertes,wurde,vierten,quartal,2020,bestätigt,vorjahr,zeitpunkt,erstkonsolidierung,übernommenen,eonaktivitäten,geschäfts,firmenwert,höhe,794,mio˛•,zugegangen,werthaltigkeit,geschäfts,firmen,wertes,wurde,vierten,quartal,2019,bestätigt,berichtsjahr,aufgrund,entkonsolidierung,georgia,biomass,geschäfts,firmenwert,höhe,8,mio˛•,zahlungsmittel,generieren,einheit,wasser˛˛biomasse˛˛gas,abgegangen,regelmäßig,dritten,quartal,werthaltigkeitstest,impairmenttest,durchgeführt,möglichen,abschreibungsbedarf,geschäfts,firmenwerten,ermitteln,dabei,geschäfts,firmenwerte,zahlungsmittel,generierenden,einheiten,zugeordnet,erzielbare,betrag,zahlungsmittel,generierenden,einheit,entweder,beizulegen,zeitwert,abzüglich,veräußerungskosten,nutzungswert,bestimmt,œ,je,nachdem,wert,höher,beizulegende,zeitwert,definiert,bestmögliche,schätzung,preises,unabhängiger,dritter,zahlungsmittel,generierende,einheit,bilanzstichtag,erwerben,nutzungswert,entspricht,barwert,zukünftigen,cash,flow,voraussichtlich,zahlungsmittel,generierenden,einheit,erzielt,beizulegende,zeitwert,abzüglich,veräußerungskosten,unternehmensexterner,nutzungswert,unternehmensinterner,sicht,bestimmt,wertermittlung,unterneh,mensbewertungsmodell,basis,cashflowplanungen,herangezogen,basieren,vorstand,genehmigten,zeitpunkt,impairmenttests,gültigen,mittelfristplanung,beziehen,detailplanungszeitraum,drei,jahren,sofern,wirtschaftliche,regulatorische,rahmenbedingungen,erfordern,begründeten,ausnahmefällen,längerer,detailplanungszeitraum,zugrunde,gelegt,cashflowplanungen,fließen,erfahrungen,ebenso,erwartungen,hinsichtlich,zukünftigen,marktentwicklung,bestimmung,beizulegenden,zeitwertes,œ,fall,vorhanden,œ,markttransaktionen,innerhalb,branche,bewertun,gen,dritter,berücksichtigt,aufgrund,verwendung,interner,planungsannahmen,ermittelten,beizulegenden,zeitwerte,stufe,3,fairvaluehierarchie,zuzuordnen,mittelfristplanung,stützt,länderspezifische,annahmen,entwicklung,wichtiger,makroökonomischer,größen,z˛b,bruttoinlandsprodukts,verbraucherpreise,zinsniveaus,nominallöhne,einschätzungen,u˛a,volks,finanzwirtschaftlichen,studien,abgeleitet,1an,investoren,2lagebericht,3versicherung,gesetzlichen,vertreter,5weitere,informationen,4konzernabschluss,anhang131,zentralen,planungsannahmen,strom,gasmärkten,tätigen,unternehmens,bereiche,betreffen,entwicklung,großhandelspreise,strom,rohöl,erdgas,kohle,co,2emissionsrechten,sowie,marktanteile,regulatorischen,rahmenbedingungen,unternehmensbewertung,verwendeten,diskontierungszinssätze,basis,marktdaten,ermittelt,berichtszeitraum,lagen,zahlungsmittel,generierende,einheit,energiehandel,425˛,vorjahr,550˛,offshore,wind,425˛,vorjahr,ehemalige,segment,fortgeführte,innogyaktivitäten,400˛,wasser˛˛biomasse˛˛gas,375˛,extrapolation,cash,flow,detailplanungszeitraum,hinaus,zahlungsmittel,generierende,einheit,offshore,wind,wachstumsrate,050˛,zugrunde,gelegt,weiteren,zahlungsmittel,generierenden,einheiten,legen,wachstumsraten,zugrunde,vorjahr,wurden,wachstumsraten,zugrunde,gelegt,grundsätzlich,wachstumsrate,bereichsspezifisch,erfahrungen,zukunftserwartungen,abgeleitet,überschreitet,langfristigen,durchschnittlichen,wachstumsraten,jeweiligen,märkte,denen,konzernunter,nehmen,tätig,jährlichen,cash,flow,jahre,detailplanungszeitraum,hinaus,investitionsausgaben,aufrechterhaltung,geschäftsumfangs,benötigten,höhe,jeweils,mindernd,enthalten,erzielbaren,beträge,zahlungsmittel,generierenden,einheiten,jeweils,beizulegender,zeitwert,abzüglich,veräußerungskosten,ermittelt,wurden,lagen,bilanzstichtag,buchwerten,jeweiligen,überdeckungen,reagieren,besonders,sensitiv,veränderungen,diskontierungszinssatzes,wachstumsrate,œ,sofern,modell,berücksichtigt,œ,cash,flow,ewigen,rente,zahlungsmittel,generierende,einheit,wasser˛˛biomasse˛˛gas,wy,zahlungsmittel,generierenden,einheiten,geringste,überdeckung,buchwertes,erzielbaren,betrag,erzielbare,betrag,lag,02,mrd˛•,buchwert,wertminderungsbedarf,hätte,ergeben,bewertung,mehr,07,prozentpunkte,höherer,diskontierungszinssatz,steuern,44˛,mehr,9˛,reduzierter,langfristiger,cash,flow,angesetzt,worden,wäre,1an,investoren,2lagebericht,3versicherung,gesetzlichen,vertreter,5weitere,informationen,4konzernabschluss,anhang132,sachanlagen,mio˛•,grundstücke,grundstücksgleiche,rechte,bauten,inkl,bauten,fremden,grundstücken,technische,anlage,maschinen,anlage,betriebs,geschäftsausstattung,geleistete,anzahlungen,anlage,bau,summeanscha˝ungs,bzw,herstellungskosten,stand,01012020,532348756989422459292zu˛˛abgänge,änderungen,konsolidierungskreises,51188015˘2361710zugänge,4438726923893773umbuchungen,2312907˘1326˘6währungsanpassungen,˘58˘808˘10˘185˘1061abgänge907213615862stand,31122020,5692512691034485162846kumulierte,abschreibungen,stand,01012020,31283550577087340276zu˛˛abgänge,änderungen,konsolidierungskreises,662557172640abschreibungen,berichtsjahres,5112284115882998umbuchungen,24œ24währungsanpassungen,˘13˘263˘6˘1˘283abgänge22564343623zuschreibungen,95463stand,31122020,36613948986293344945buchwerte,stand,31122020,20311178017239181790111,sachanlagen1an,investoren,2lagebericht,3versicherung,gesetzlichen,vertreter,5weitere,informationen,4konzernabschluss,anhang133,sachanlagen,mio˛•,grundstücke,grundstücksgleiche,rechte,bauten,inkl,bauten,fremden,grundstücken,technische,anlage,maschinen,anlage,betriebs,geschäftsausstattung,geleistete,anzahlungen,anlage,bau,summeanscha˝ungs,bzw,herstellungskosten,stand,01012019,4868437339342061515961zu˛˛abgänge,änderungen,konsolidierungskreises,28239351912955531zugänge,30011536610772596umbuchungen,121713˘239˘8währungsanpassungen,23401445473abgänge1516834715896stand,31122019,532348756989422459292kumulierte,abschreibungen,stand,01012019,30733421475679138834zu˛˛abgänge,änderungen,konsolidierungskreises,˘51˘640˘12˘703abschreibungen,berichtsjahres,222268564883059umbuchungen,˘6˘25˘1˘4währungsanpassungen,81694181abgänge91509475652zuschreibungen,27412439stand,31122019,31283550577087340276buchwerte,stand,31122019,2195132512193351190161,inkl,erstanwendungse˜ekt,ifrs,16,höhe,353,mio˛•,1an,investoren,2lagebericht,3versicherung,gesetzlichen,vertreter,5weitere,informationen,4konzernabschluss,anhang134,nutzungsrechte,entwicklung,jahr,2020,mio˛•,stand,01012020,zugänge,abschreibungen,abgängesonstige,veränderungen,1stand,31122020,anscha˝ungs,bzw,herstellungskosten,gebäude70121177œ˛6161grundstücke,66649382œ˛44631technische,anlage,maschinen,43261œ˛929pumpspeicherkraftwerke,2611310264fuhrpark,1817111œ˛122andere,anlage,betriebs,geschäftsausstattung,2371311610812099512œ˜6011231,sonstigen,veränderungen,umfassen,umbuchungen,zuschreibungen,währungsanpassungen,sowie,abgänge,konsolidierungskreises,sachanlagen,höhe,1590,mio˛•,vorjahr,1024,mio˛•,unterlagen,verfügungsbeschränkungen,grundpfandrechte,sicherungsübereignungen,sonstigen,beschränkungen,abgänge,sachanlagen,ergaben,veräußerung,stilllegung,sachanlagen,umfassen,neben,eigentum,befindlichen,vermögenswerten,nutzungsrechte,leasingverhältnissen,denen,rwe,leasingnehmer,leasingverhältnisse,umfassen,wesentlichen,längerfristige,nutzungsrechte,angemietete,bürogebäude,grundstücksflächen,z˛b,erbpachtverträge,grundstücke,erzeugung,erneuerbaren,energien,sowie,nutzungsrechte,angemietete,vermögenswerte,fuhrpark,kraftwerksbereich,berichtsjahr,rwe,bürogebäude,rahmen,saleandleasebacktransaktion,externen,investor,veräußert,fest,vereinbarte,grundmietzeit,leasingvertrags,beträgt,175,jahre,nachfolgende,tabelle,zeigt,entwicklung,innerhalb,sachanlagen,erfassten,nutzungsrechte,1an,investoren,2lagebericht,3versicherung,gesetzlichen,vertreter,5weitere,informationen,4konzernabschluss,anhang135,nutzungsrechte,entwicklung,jahr,2019,mio˛•,stand,01012019,zugänge,abschreibungen,abgängesonstige,veränderungen,1stand,31122019,anscha˝ungs,bzw,herstellungskosten,gebäude513012170grundstücke,274142254279666technische,anlage,maschinen,83754743pumpspeicherkraftwerke,27311204261fuhrpark,876918andere,anlage,betriebs,geschäftsausstattung,1223122338027061850010811,sonstigen,veränderungen,umfassen,umbuchungen,zuschreibungen,währungsanpassungen,sowie,abgänge,konsolidierungskreises,1an,investoren,2lagebericht,3versicherung,gesetzlichen,vertreter,5weitere,informationen,4konzernabschluss,anhang136,auswirkungen,leasingverhältnissen,ertragslage,cash,flow,mio˛•,20202019rwe,leasingnehmer,aufwand,kurzfristigen,leasingverhältnissen,7914aufwand,leasingverträgen,geringwertige,vermögenswerte,1aufwand,variablen,leasingzahlungen,bewertung,leasingverbindlichkeiten,einge,2118erträge,unterleasingverhältnissen,6gewinne,verluste,saleandleasebackgeschäften,2gesamte,zahlungsmittelab,leasing,10760rwe,leasinggeber,erträge,operating,leasing,2013angaben,korrespondierenden,leasingverbindlichkeiten,zinsaufwendungen,finden,abschnitten,8,finanzergebnis,23,finanzverbindlichkeiten,27,berichterstattung,finanzinstrumenten,darüber,hinaus,leasingverhältnisse,berichtsjahr,folgt,ertragslage,sowie,cash,flow,rwekonzern,ausgewirkt,vertraglich,bereits,vereinbarten,begonnenen,leasingverhältnissen,wesentlichen,bürogebäude,windparkflächen,betreffen,resultieren,künftige,leasingzahlungen,höhe,187,mio˛•,vorjahr,195,mio˛•,zudem,blieben,œ,wesentlichen,leasingverhältnisse,windparkflächen,betreffen,œ,potenzielle,leasingzahlungen,bewertung,leasingverbindlich,keiten,unberücksichtigt,betrifft,variable,zahlungen,künftig,abhängig,erzeugungsmengen,anfallen,höhe,405,mio˛•,vorjahr,471,mio˛•,potenzielle,zahlungen,verlänge,rung,kündigungsoptionen,höhe,97,mio˛•,vorjahr,100,mio˛•,sachanlagen,beinhalten,neben,nutzungsrechten,leasing,grundstücke,gebäude,rwe,rahmen,operating,leasing,leasinggeber,vermietet,vermögenswerte,entfallenden,buchwerte,betrugen,31,dezember,2020,insgesamt,180,mio˛•,vorjahr,193,mio˛•,operatingleasingverträgen,resultieren,nachfolgenden,zahlungsansprüche,nominale,leasingzahlungen,operatingleasingverträgen,mio˛•,3112202031122019fällig,1,jahr,84fällig,1,2,jahren,77fällig,2,3,jahren,56fällig,3,4,jahren,56fällig,4,5,jahren,46fällig,5,jahren,37551an,investoren,2lagebericht,3versicherung,gesetzlichen,vertreter,5weitere,informationen,4konzernabschluss,anhang137,12,atequitybilanzierte,beteiligungen,folgenden,übersichten,enthalten,angaben,wesentlichen,wesentlichen,atequity,bilanzierten,beteiligungen,assoziierten,unternehmen,gemeinschaftsunternehmen,wesentliche,atequitybilanzierte,beteiligungen,amprion,gmbh,dortmundkelagkärntner,elektrizitätsag˛˛,kärntner,energieholding,beteiligungs,gmbh,keh,klagenfurt,österreich,mio˛•,31122020311220193112202031122019bilanz1langfristige,vermögenswerte,5953522517801664kurzfristige,vermögenswerte,28381825349383langfristige,schulden,20012012946869kurzfristige,schulden,34882496266285proportionaler,anteil,eigenkapital,2829638393383geschäfts,firmenwert,198198buchwert829638591581gesamtergebnisrechnung,1umsatzerlöse,126221477313001285ergebnis,70152311293im,eigenkapital,direkt,erfasste,erträge,aufwendungen,other,comprehensive,income,œ˛35œ˛22œ˛47œ˛15summe,erfassten,erträge,aufwendungen,total,comprehensive,income,6665016578dividende,anteilig,25251915rweanteilsquote,25˛25˛49˛49˛1,zahlen,basierend,anteilsbesitz,100˛,keh,2,zahlen,basierend,proportionalen,eigenkapitalanteil,keh,kelag,1an,investoren,2lagebericht,3versicherung,gesetzlichen,vertreter,5weitere,informationen,4konzernabschluss,anhang138,wesentliche,atequitybilanzierte,beteiligungen,assoziierte,unternehmen,gemeinschaftsunternehmen,mio˛•,31122020311220193112202031122019anteiliges,ergebnis,215818488anteilig,direkt,eigenkapital,erfasste,erträge,aufwendungen,other,comprehensive,income,œ˛2841œ˛216summe,anteilig,erfassten,erträge,aufwendungen,total,comprehensive,income,œ˛799182104buchwerte,17224616581771,amprion,gmbh,sitz,dortmund,übertragungsnetzbetreiber,ünb,energie,wirtschaftsgesetz,enwg,strombereich,haupteigentümer,amprion,konsortium,finanzinvestoren,führung,commerz,real,tochter,commerzbank,kelagkärntner,elektrizitätsag,sitz,klagenfurt,österreich,führendes,österreichisches,energieversorgungsunternehmen,geschäftsfeldern,strom,fernwärme,erdgas,rwe,hält,anteil,49˛,kärntner,energieholding,beteiligungs,gmbh,keh,größte,anteils,eigner,kelag,rwekonzern,hält,anteile,buchwert,3,mio˛•,vorjahr,3,mio˛•,assoziierten,unternehmen,gemeinschaftsunternehmen,aufgrund,kreditvertraglicher,bestimmungen,zeitweiligen,beschränkungen,bedingungen,bemessung,gewinnausschüttungen,unterliegen,1an,investoren,2lagebericht,3versicherung,gesetzlichen,vertreter,5weitere,informationen,4konzernabschluss,anhang139,finanzforderungen,3112202031122019in,mio˛•,langfristig,kurzfristig,langfristig,kurzfristig,ausleihungen,konsolidierte,tochter,unternehmen,beteiligungen,10511031sicherheitsleistungen,handelsgeschäfte,21541638sonstige,finanzforderungen,zinsabgrenzungen,4339übrige,sonstige,finanzforderungen,262842568113124821282359,13,übrige,finanzanlagen,übrige,finanzanlagen,umfassen,konsolidierte,tochterunternehmen,übrige,beteiligungen,langfristige,wertpapiere,absicherung,wertguthaben,blockmodell,altersteilzeit,gemäß,§,8a,alttzg,altersteilzeit,gesetz,sowie,führung,langzeitarbeitskonten,gemäß,§,7e,sgb,sozialgesetzbuch,iv,wurden,rwe,ag,tochtergesellschaften,langfristige,wertpapiere,höhe,29,mio˛•,bzw,4,mio˛•,vorjahr,29,mio˛•,bzw,4,mio˛•,treuhänderisch,hinterlegt,absicherung,erfolgt,sowohl,mitarbeiter,rwe,ag,mitarbeiter,konzerngesellschaften,14,finanzforderungen,15,sonstige,forderungen,sonstige,vermögenswerte,sonstige,forderungen,sonstige,vermögenswerte,3112202031122019in,mio˛•,langfristig,kurzfristig,langfristig,kurzfristig,derivate,675810966111447nettovermögen,fondsgedeckten,pensionsverptungen,172153nicht,vorräte,geleistete,anzahlungen,148144co,2emissionsrechte,446407übrige,sonstige,vermögenswerte,125881117246275834359820327612756davon,˚nanzielle,vermögenswerte,855845282411564davon,nicht˚nanzielle,vermögenswerte,25801368245211921,angepasste,werte,aufgrund,rückwirkender,anpassung,erstkonsolidierung,übernommenen,eon,aktivitäten,siehe,seite,109,anhang,übrigen,sonstigen,vermögenswerten,ausgewiesenen,finanzinstrumente,fortgeführten,anschaffungskosten,bilanziert,derivativen,finanzinstrumente,beizulegenden,zeitwert,erfasst,bilanzwerte,börsengehandelter,derivate,aufrechnungsverein,barung,miteinander,verrechnet,übrigen,sonstigen,vermögenswerte,umfassen,höhe,2600,mio˛•,vorjahr,2600,mio˛•,bund,zugesagten,entschädigungsleistungen,vorzeitigen,ausstieg,braunkohle,geschäft,zudem,entfielen,übrigen,sonstigen,vermögenswerten,86,mio˛•,vorjahr,43,mio˛•,zuwendungen,öffentlichen,hand,zusammenhang,mitverbrennung,biomasse,zwei,niederländischen,kraftwerken,gewährt,wurden,gesellschaften,rwekonzerns,erbrachten,börslichen,außerbörslichen,handelsgeschäften,oben,ausgewiesenen,sicherheitsleistungen,sollen,garantieren,verpflichtungen,handelsgeschäften,rwe,ungünstigen,kursverlauf,erfüllt,regelmäßi,ge,austausch,sicherheitsleistungen,findet,abhängigkeit,vertraglich,vereinbarten,schwellen,werten,statt,ab,denen,marktwerte,handelsgeschäfte,besichern,1an,investoren,2lagebericht,3versicherung,gesetzlichen,vertreter,5weitere,informationen,4konzernabschluss,anhang140,16,latente,steuern,aktiven,passiven,latenten,steuern,ergeben,überwiegend,dadurch,wertansätze,ifrsabschluss,denen,steuerbilanz,unterscheiden,31,dezember,2020,wurden,unterschiedsbetrag,nettovermögen,steuerlichen,buchwert,tochterge,sellschaften,assoziierten,unternehmen,sogenannte,outside,basis,difference,höhe,820,mio˛•,vorjahr,969,mio˛•,passiven,latenten,steuern,gebildet,absehbarer,zeit,wahrscheinlich,ausschüttungen,vorgenommen,temporären,differenzen,abseh,barer,zeit,auflösen,bruttobetrag,aktiven,passiven,latenten,steuern,3415,mio˛•,bzw,4058,mio˛•,vorjahr,5316,mio˛•,bzw,6166,mio˛•,innerhalb,zwölf,monaten,realisiert,aktiven,passiven,latenten,steuern,verteilen,folgende,positionen,31,dezember,2020,rwe,gesellschaften,verlust,laufenden,periode,vorperiode,erlitten,latente,steuerforderungen,ausgewiesen,latenten,steuer,verbindlichkeiten,73,mio˛•,übersteigen,vorjahr,144,mio˛•,grundlage,bildung,aktiver,latenter,steuern,einschätzung,management,wahrscheinlich,jeweiligen,gesellschaften,versteuernde,ergebnisse,erzielen,denen,genutzte,steuerliche,verluste,abzugsfähige,temporäre,differenzen,verrechnet,aktivierten,steuerminderungsansprüche,verlustvorträgen,ergeben,erwarteten,nutzung,bestehender,verlustvorträge,folgejahren,besteht,hinreichende,sicherheit,verlustvorträge,realisiert,körperschaftsteu,erlichen,gewerbesteuerlichen,verlustvorträge,latenten,steueransprüche,angesetzt,wurden,betrugen,ende,berichtsjahres,3065,mio˛•,bzw,2166,mio˛•,vorjahr,1492,mio˛•,bzw,879,mio˛•,körperschaftsteuerlichen,verlustvorträge,latenten,steueransprüche,angesetzt,wurden,höhe,828,mio˛•,innerhalb,folgenden,sechs,jahre,entfallen,übrigen,verlustvorträge,wesentlichen,zeitlich,unbegrenzt,jedoch,nutzung,überwiegend,erwartet,31,dezember,2020,betrugen,temporären,differenzen,aktiven,latenten,steuern,angesetzt,wurden,13216,mio˛•,vorjahr,12791,mio˛•,berichtsjahr,wurden,latente,steuererträge,währungsumrechnung,ausländischer,abschlüsse,höhe,42,mio˛•,vorjahr,steueraufwendungen,höhe,14,mio˛•,eigenkapital,verrechnet,latente,steuern,31122020311220191in,mio˛•,aktivpassiv,aktivpassiv,langfristige,vermögenswerte,687146511662437kurzfristige,vermögenswerte,1382253914503876steuerliche,sonderposten,5847langfristige,schulden,pensionsrückstellungen,85314840sonstige,langfristige,schulden,65384848750kurzfristige,schulden,20331519386622904840643271178740verlustvorträge,körperschaftsteuer,vergleichbare,ausländische,ertragsteuern,67125gewerbesteuer,1423bruttobetrag,4921643272658740saldierung˘4524˘4524˘6576˘6576nettobetrag,397190868921641,angepasste,werte,aufgrund,rückwirkender,anpassung,erstkonsolidierung,übernommenen,eonaktivitäten,siehe,seite,109,anhang,1an,investoren,2lagebericht,3versicherung,gesetzlichen,vertreter,5weitere,informationen,4konzernabschluss,anhang141,vorräte,3112202031122019in,mio˛•,roh,hilfs,betriebssto˜e,inkl,kernbrennelemente,vorabraum,braunkohlebergbaus,579728unfertige,erzeugnisse˛˛leistungen,5033fertige,erzeugnisse,999839geleistete,erhaltene,anzahlungen,4˘1516321585,17,vorräte,flüssige,mittel,3112202031122019in,mio˛•,kasse,bankguthaben,47643192wertpapiere,übrige,liquiditätsanlagen,restlaufzeit,erwerb,weniger,drei,monaten,1047743192,zweck,weiterveräußerung,erworbenen,vorräte,buchwert,964,mio˛•,vorjahr,605,mio˛•,entfiel,berichtsjahr,vorjahr,vollständig,gasvorräte,beizulegende,zeitwert,gas,kohlevorräte,monatlich,basis,aktueller,preiskurven,relevanten,indizes,gas,z˛b,ncg,kohle,z˛b,api2,ermittelt,bewertung,liegen,unmittelbar,mittelbar,beobachtende,marktpreise,zugrunde,stufe,2,fairvaluehierarchie,unterschiede,beizulegenden,zeitwert,buchwert,zweck,weiterveräußerung,erworbenen,vorräte,monatsende,erfolgswirksam,erfasst,18,wertpapiere,kurzfristigen,wertpapieren,entfielen,4216,mio˛•,vorjahr,2809,mio˛•,festverzinsliche,wertpapiere,restlaufzeit,erwerb,mehr,drei,monaten,3,mio˛•,vorjahr,449,mio˛•,aktien,genussscheine,wertpapiere,beizulegenden,zeitwert,bilanziert,19,flüssige,mittel,rwe,hält,bankguthaben,ausschließlich,rahmen,kurzfristigen,liquiditätsdisposition,geldanlagen,banken,anhand,verschiedener,bonitätskriterien,ausgewählt,zählen,rating,drei,renommierten,ratingagenturen,moody™s,standard,poor™s,fitch,sowie,eigenkapital,preise,credit,default,swap,verzinsung,flüssigen,mittel,bewegte,2020,vorjahr,marktniveau,1an,investoren,2lagebericht,3versicherung,gesetzlichen,vertreter,5weitere,informationen,4konzernabschluss,anhang142,20,eigenkapital,aufgliederung,voll,eingezahlten,eigenkapitals,seite,106,dargestellt,gezeichnete,kapital,rwe,ag,folgt,strukturiert,gezeichnetes,kapital,31122020stückzahl,31122019stückzahl,31122020buchwert31122019buchwertin,tsd,in˛in,tsd,in˛in,mio˛•,mio˛•,stückaktien,6762201000614745100017311574,18,august,2020,rwe,ag,kapitalerhöhung,bareinlagen,teilweiser,ausnutzung,genehmigten,kapitals,beschlossen,grundkapital,gesellschaft,wurde,dabei,ausschluss,bezugsrechts,altaktionäre,ausgabe,61474549,neuen,inhaber,lautenden,stückaktien,10˛,erhöht,neuen,aktien,wurden,preis,je,3255˛•,beschleunigten,platzierungsverfahren,institutionellen,anlegern,platziert,kapital,erhöhung,resultierte,anstieg,gezeichneten,kapitals,rwe,ag,15737484544˛•,kapitalrücklage,rwe,ag,184362172451˛•,höhe,1107050071˛•,wurden,trans,aktionskosten,gewinnrücklagen,verrechnet,teilweisen,ausnutzung,genehmigten,kapitals,vorstand,grundlage,beschlusses,hauptversammlung,26,april,2018,ermächtigt,grundkapital,gesellschaft,25,april,2023,zustimmung,aufsichtsrats,15737484800˛•,ausgabe,61474550,inhaber,lautenden,stückaktien,bar,und˛˛oder,sacheinlage,erhöhen,genehmigtes,kapital,bezugsrecht,aktionäre,bestimmten,fällen,zustimmung,aufsichtsrats,ausgeschlossen,teilweisen,ausnutzung,genehmigten,kapitals,allerdings,mehr,barkapitalerhöhungen,beschluss,hauptversammlung,26,april,2018,wurde,gesellschaft,außerdem,ermächtigt,25,april,2023,aktien,gesellschaft,umfang,10˛,grundkapi,tals,zeitpunkt,beschlussfassung,ermächtigung,œ,fall,wert,geringer,œ,zeitpunkt,ausübung,ermächtigung,erwerben,vorstand,gesellschaft,aufgrund,beschlusses,ferner,ermächtigt,eigene,aktien,weiteren,beschluss,hauptversammlung,einzuziehen,darüber,hinaus,vorstand,ermächtigt,eigene,aktien,œ,bestimmten,bedingun,gen,ausschluss,bezugsrechts,aktionäre,œ,dritte,übertragen,bzw,veräußern,außerdem,dürfen,eigene,aktien,inhaber,option,wandelschuldverschreibungen,ausgegeben,vorstand,ferner,ermächtigt,eigene,aktien,erfüllung,verpflichtungen,gesellschaft,zukünftigen,belegschaftsaktienprogrammen,verwenden,dabei,bezugsrecht,aktionäre,ausgeschlossen,31,dezember,2020,befanden,eigenen,aktien,bestand,geschäftsjahr,2020,wurden,rwe,ag,314808,rweaktien,anschaffungspreis,1063344415˛•,kapitalmarkt,erworben,entfallende,betrag,grundkapitals,beläuft,80590848˛•,005˛,gezeichneten,kapitals,mitarbeiter,rwe,ag,tochterunternehmen,erhielten,rahmen,belegschaftsaktienprogramms,vermögensbildung,insgesamt,314808,aktien,daraus,resultierte,gesamterlös,1051639273˛•,jeweilige,unterschiedsbetrag,kaufpreis,wurde,frei,verfügbaren,gewinnrücklagen,verrechnet,vorjahr,wurde,zuvor,ia,32,eigenkapital,klassifizierte,konzerngesellschaften,begebene,hybridanleihe,6,februar,2019,gekündigt,rückzahlung,höhe,869,mio˛•,erfolgte,20,märz,2019,hybridanleihe,neuem,hybridkapital,refinanzieren,hybridanleihe,kupon,7˛,theoretisch,unbegrenzte,laufzeit,eigenkapitaltransaktionen,tochterunternehmen,wechsel,beherr,schungsstatus,führten,veränderten,anteile,aktionäre,rwe,ag,konzerneigenkapital,insgesamt,œ˛145,mio˛•,vorjahr,œ˛149,mio˛•,anteile,gesellschafter,insgesamt,1an,investoren,2lagebericht,3versicherung,gesetzlichen,vertreter,5weitere,informationen,4konzernabschluss,anhang143,395,mio˛•,vorjahr,œ˛746,mio˛•,darin,enthalten,nachträgliche,effekte,vorjahr,erfolgten,erwerb,232˛,minderheitenanteile,fortgeführten,innogyaktivitäten,veränderung,anteile,aktionäre,rwe,ag,konzerneigenkapital,œ˛298,mio˛•,sowie,effekte,verkauf,49prozentigen,anteils,britischen,offshorewindpark,humber,gateway,veränderung,anteile,aktionäre,rwe,ag,konzerneigenkapital,163,mio˛•,accumulated,other,comprehensive,income,oci,änderungen,beizulegenden,zeitwerte,erfolgsneutral,beizulegenden,zeitwert,bewerteten,fremdkapitalinstrumente,cash,flow,hedge,hedge,nettoinvestitionen,ausländische,teileinheiten,sowie,währungsdifferenzen,umrechnung,ausländischer,abschlüsse,erfasst,31,dezember,2020,betrug,atequitybilanzierte,beteiligungen,entfallende,anteil,accumulated,other,comprehensive,income,œ29,mio˛•,vorjahr,œ22,mio˛•,berichtsjahr,wurden,unterschiedsbeträge,währungsumrechnung,höhe,3,mio˛•,ursprünglich,erfolgsneutral,gebucht,worden,ertrag,realisiert,vorjahr,aufwand,523,mio˛•,dividende,57478704080˛•gewinnvortrag,2522047˛•bilanzgewinn,57481226127˛•,gewinnverwendungsvorschlag,schlagen,hauptversammlung,bilanzgewinn,rwe,ag,geschäftsjahr,2020,folgt,verwenden,ausschüttung,dividende,085˛•,je,dividendenberechtigte,stückaktie,geschäftsjahr,2019,ausgeschüttete,dividende,belief,laut,beschluss,hauptver,sammlung,rwe,ag,26,juni,2020,080˛•,je,dividendenberechtigte,aktie,ausschüttung,aktionäre,rwe,ag,betrug,492,mio˛•,vorjahr,430,mio˛•,1an,investoren,2lagebericht,3versicherung,gesetzlichen,vertreter,5weitere,informationen,4konzernabschluss,anhang144,anteile,gesellschafter,oci,mio˛•,20202019versicherungsmathematische,gewinne,verluste,leistungsorientierter,pensionszusagen,ähnlicher,verptungen,˘138anteilig,erfasste,erträge,aufwendungen,atequitybilanzierter,beteiligungen,43marktbewertung,eigenkapitalinstrumenten,˘10im,eigenkapital,direkt,erfasste,erträge,aufwendungen,erfolgswirksam,umzugliedern,˚105unterschied,währungsumrechnung,˘25267marktbewertung,fremdkapitalinstrumenten,˘3marktbewertung,finanzinstrumenten,sicherungsbeziehung,˘17˘29anteilig,erfasste,erträge,aufwendungen,atequitybilanzierter,beteiligungen,2im,eigenkapital,direkt,erfasste,erträge,aufwendungen,zukünftig,erfolgswirksam,umzugliedern,˚42237˚42132anteile,gesellschafter,position,anteilsbesitz,dritter,konzerngesellschaften,erfasst,21,aktienkursbasierte,vergütungen,führungskräfte,rwe,ag,sowie,nachgeordneter,verbundener,unternehmen,gibt,longterm,incentivepläne,ltip,aktienkursbasierte,vergütungssysteme,bezeichnung,—strategic,performance,planﬁ,spp,aufwendungen,daraus,konzerngesellschaften,getragen,denen,bezugsberechtigten,beschäftigt,ltip,spp,wurde,2016,eingeführt,verwendet,mittelfristplanung,abgeleitetes,interne,erfolgsziel,vergütungsrelevantes,nettoergebnis,berücksichtigt,entwicklung,aktienkurses,rwe,ag,führungskräfte,erhalten,bedingt,zugeteilte,virtuelle,aktien,performance,share,finale,anzahl,virtuellen,aktien,tranche,jahr,anhand,zielerreichung,bereinigten,nettoergebnisses,ermittelt,jeweils,begebenen,tranchen,ltip,spp,laufzeit,vier,jahren,möglichen,auszahlung,direkt,eigenkapital,erfassten,erträgen,aufwendungen,oci,entfallen,folgenden,anteile,gesellschafter,1an,investoren,2lagebericht,3versicherung,gesetzlichen,vertreter,5weitere,informationen,4konzernabschluss,anhang145,spp,rwe,ag,tranche,2016,tranche,2017,tranche,2018,tranche,2019,tranche,2020,laufzeitbeginn,0101201601012017010120180101201901012020anzahl,bedingt,zugeteilter,performance,share,4864361338027883974932889935331laufzeit,4,jahre,4,jahre,4,jahre,4,jahre,4,jahre,erfolgsziel,bereinigtes,nettoergebnis,bereinigtes,nettoergebnis,bereinigtes,nettoergebnis,bereinigtes,nettoergebnis,bereinigtes,nettoergebnis,obergrenze˛˛stückzahl,performance,share,150˛150˛150˛150˛150˛obergrenze˛˛auszahlungs,betrag,200˛200˛200˛200˛200˛ermittlung,auszahlung,auszahlungsbetrag,errechnet,festgeschriebenen,anzahl,endgültig,gewährter,performance,share,multipliziert,summe,a,arithmetischen,mittel,schlusskurse,verfügbaren,nachkommastellen,rweaktie,isin,de,000703129,xetrahandel,deutsche,börse,ag,handel,stelle,xetrasystems,tretenden,nachfolgesystems,letzten,30,börsenhandelstage,ende,erdienungszeitraums,—vesting,periodﬁ,kaufmännisch,gerundet,zwei,dezimalstellen,b,geschäftsjahren,festschreibung,performance,share,ende,erdienungszeitraums,pro,aktie,ausgezahlten,dividenden,dividenden,verzinst,reinvestiert,fällt,dividendenzahlung,30tägigen,zeitraum,kursermittlung,gemäß,lit,a,kurse,handelstage,zahlung,cumkurse,dividende,bereinigt,dividende,ansonsten,anteilig,doppelt,berücksichtigt,auszahlungsbetrag,anzahl,endgültig,festgeschriebener,performance,share,x,arithmetisches,mittel,aktienkurses,gezahlte,dividenden,ermittelte,auszahlungsbetrag,betragsmäßig,200˛,zuteilungsbetrags,begrenzt,wechsel,unternehmens,kontrolle˛˛fusion,wechsel,unternehmenskontrolle,kontrollwechsel,liegt,entweder,a,aktionär,halten,mindestens,30˛,stimmrechte,œ,einschließlich,§,30,wertpapiererwerbs,übernahmegesetzes,wpüg,zuzurechnenden,stimmrechte,dritter,œ,kontrolle,i˛s˛v,§,29,wpüg,erworben,b,rwe,ag,abhängigem,unternehmen,beherrschungsvertrag,§,291,aktg,wirksam,abgeschlossen,wurde,c,rwe,ag,gemäß,§,2,umwandlungsgesetz,konzernfremden,rechtsträger,verschmolzen,wurde,œ,sei,wert,rechtsträgers,beträgt,ausweislich,vereinbarten,umtauschverhältnisses,weniger,50˛,wertes,rwe,ag,fall,lit,a,anwendbar,kommt,kontrollwechsel,performance,share,bereits,˚nal,festgeschrieben,wurden,auszahlung,gelangt,vorzeitig,ausbezahlt,auszahlungsbetrag,entsprechender,anwendung,ausübungsbedingungen,ermittelt,wobei,abweichend,hiervon,letzten,30,börsenhandelstage,verlaut,barung,kontrollwechsels,abzustellen,zuzüglich,geschäftsjahren,festschreibung,performance,share,zeitpunkt,kontrollwechsels,bezogen,festgeschriebene,anzahl,performance,share,pro,aktie,ausgezahlten,dividenden,berechnete,auszahlungsbetrag,nächstmöglichen,gehaltsabrechnung,planteilnehmer,ausbezahlt,zeitpunkt,kontrollwechsels,bedingt,gewährten,performance,share,verfallen,ersatz,entschädigungslos,form,ausgleichs,barvergütung,barvergütung,barvergütung,barvergütung,barvergütung,auszahlungszeitpunkt,20202021202220232024,1an,investoren,2lagebericht,3versicherung,gesetzlichen,vertreter,5weitere,informationen,4konzernabschluss,anhang146,beizulegenden,zeitwerte,tranchen,spp,rwe,ag,ergeben,aktuellen,aktienkurs,rwe,ag,zuzüglich,dividenden,pro,aktie,laufzeit,jeweiligen,tranche,bereits,aktionäre,ausgezahlt,wurden,begrenzte,auszahlung,je,spp,wurde,verkaufte,calloption,abgebildet,blackscholesmodell,ermittelte,optionswert,wurde,abgezogen,optionspreisermittlung,wurden,programmbedingungen,festgelegten,maximalen,auszahlungsbeträge,je,bedingt,zugeteilter,spp,strike,option,restlaufzeitbezogenen,diskontierungszinssätze,volatilitäten,erwarteten,dividenden,rwe,ag,berücksichtigt,performance,share,spp,rwe,ag,stück,tranche,2016tranche,2017tranche,2018tranche,2019tranche,2020ausstehend,beginn,geschäftsjahres,52851316321281090995932889zugesagt,935331veränderung,111503œ˛2505470643ausgezahlt,œ˛528513ausstehend,ende,geschäftsjahres,164363110884901403532935331auszahlbar,ende,geschäftsjahres,16436311,veränderungen,betre˜en,˚nale,zuteilung,aufgrund,zielerreichungsgraden,nachträgliche,zuteilung,bzw,verfall,performance,share,performance,share,spp,rwe,ag,in˛•tranche,2016tranche,2017tranche,2018tranche,2019tranche,2020beizulegender,zeitwert,pro,stück,13781162188019102641der,beizulegende,zeitwert,rahmen,spp,bedingt,zugeteilten,performance,share,umfasste,zeitpunkt,zuteilung,nachfolgend,aufgeführten,beträge,abgelaufenen,geschäftsjahr,performance,share,folgt,entwickelt,abgelaufenen,geschäftsjahr,ausgeübten,optionen,spp,betrug,gewichtete,durchschnittsaktienkurs,tag,ausübung,3407˛•,aktienkursbasierten,vergütungssystem,ergaben,berichtszeitraum,aufwendungen,insgesamt,38,mio˛•,vorjahr,34,mio˛•,bilanzstichtag,beliefen,rückstellungen,aktienkursbasierte,vergütungen,barausgleich,85,mio˛•,vorjahr,60,mio˛•,1an,investoren,2lagebericht,3versicherung,gesetzlichen,vertreter,5weitere,informationen,4konzernabschluss,anhang147,rückstellungen,3112202031122019in,mio˛•,langfristig,kurzfristig,gesamt,langfristig,kurzfristig,gesamt,rückstellungen,pensionen,ähnliche,verptungen,3864386434463446rückstellungen,entsorgung,kernenergiebereich,6113338645163553686723bergbaubedingte,rückstellungen,4729854814455959461814706423151291436042714787sonstige,rückstellungen,verptungen,personalbereich,restrukturierungen,339651990361622983verptungen,restrukturierungen,6241864259131622einkaufs,verkaufsverptungen,1366124149013901161506rückstellungen,rückbau,windparks,11251111369484952sonstige,rückbau,nachrüstungsverphtungen,6487071855777634umweltschutzverptungen,7627878280zinszahlungsverptungen,223223281281rückgabeverptungen,co,2emissionsrechte˛˛zerti˚kate,alternativer,energien,13321332771771übrige,sonstige,rückstellungen,363373736370588958476425817345457622116787194703004224741893626382157422,rückstellungen,1an,investoren,2lagebericht,3versicherung,gesetzlichen,vertreter,5weitere,informationen,4konzernabschluss,anhang148,rückstellungen,pensionen,ähnliche,verpflichtungen,betriebliche,altersversorgung,umfasst,beitragsorientierte,leistungsorientierte,versorgungssysteme,leistungsorientierten,versorgungszusagen,betreffen,wesentlichen,endgehaltsabhängige,versorgungszusagen,unterliegen,typischen,risiken,langlebigkeit,sowie,inflation,gehaltssteigerungen,beitragsorientierte,versorgungssysteme,berichtsjahr,32,mio˛•,vorjahr,24,mio˛•,eingezahlt,worden,erfasst,beiträge,rwe,rahmen,versorgungsplans,niederlanden,zusagen,verschiedener,arbeitgeber,umfasst,stellt,versorgungsträger,teilnehmenden,unternehmen,informationen,verfügung,anteilige,zuordnung,verpflichtung,planvermögen,dienstzeitaufwand,erlauben,konzernabschluss,erfolgt,daher,berücksichtigung,beiträge,beitragsorientierte,versorgungszusage,obwohl,leistungsorientierten,pensionsplan,handelt,pensionsplan,arbeitnehmer,nieder,landen,stichting,pensioenfonds,abp,vgl,wwwabpnl,verwaltet,beiträge,pensionsplan,bemessen,prozentsatz,gehalts,arbeitnehmern,arbeitgebern,getragen,beitragssatz,abp,festgelegt,mindestdotierungspflichten,bestehen,abppensionsfonds,folgenden,geschäftsjahr,2021,voraussichtlich,arbeitgeberbeiträge,höhe,ca,9,mio˛•,vorjahresangabe,geschäftsjahr,2020,9,mio˛•,eingezahlt,beiträge,gesamtheit,begünstigten,verwendet,sofern,mittel,abp,ausreichen,abp,entweder,pensionsleistungen,anwartschaften,kürzen,arbeitgeber,arbeitnehmerbeiträge,erhöhen,fall,rwe,abppensionsplan,kündigen,abp,austrittszahlung,verlangen,deren,höhe,u˛a,abhängig,anzahl,planteilnehmer,höhe,gehalts,altersstruktur,teilnehmer,31,dezember,2020,betrug,anzahl,unserer,aktiven,planteilnehmer,ca,600,vorjahr,ca,600,rwe,finanzierung,pensionszusagen,deutsche,konzerngesellschaften,rahmen,contractual,trust,arrangement,cta,vermögenswerte,rwe,pensionstreuhand,e˛v,tragen,besteht,verpflichtung,weiteren,dotierungen,treuhandvermögen,wurden,mittel,rwe,pensionsfonds,ag,übertragen,pensionsverpflichtungen,gegenüber,wesentlichen,teil,mitarbeiter,gedeckt,bereits,ruhestand,getreten,rwe,pensionsfonds,ag,unterliegt,versicherungsaufsichtsgesetz,beaufsichtigung,bundesanstalt,finanzdienstleistungsaufsicht,bafin,soweit,pensionsfonds,aufsichtsrechtliche,unterdeckung,entsteht,nachschussforderung,arbeitgeber,stellen,unabhängig,genannten,regelungen,bleibt,haftung,arbeitgebers,erhalten,organe,rwe,pensionstreuhand,e˛v,rwe,pensionsfonds,ag,vertrags,konforme,verwendung,verwalteten,mittel,sorgen,voraussetzung,anerkennung,planvermögen,erfüllen,großbritannien,gesetzlich,vorgeschrieben,leistungsorientierte,versorgungspläne,ausreichenden,angemessenen,vermögenswerten,deckung,pensionsverpflichtungen,ausgestattet,betriebliche,altersvorsorge,erfolgt,branchenweiten,electricity,supply,pension,scheme,esp,abschluss,transaktion,eon,rwe,konventionelle,erzeugungsgeschäft,fortgeführten,innogyaktivitäten,eon,übernommene,erneuerbareenergiengeschäft,jeweils,eigene,zweckgebundene,voneinander,unabhängige,sektionen,eingerichtet,worden,treuhändern,verwaltet,mitgliedern,pensionspläne,gewählt,bzw,trägerunternehmen,ernannt,treuhänder,management,pensionspläne,verantwortlich,zählen,investitionen,rentenzahlungen,finanzierungspläne,pensionspläne,umfassen,jeweils,zugehörigen,versorgungsverpflichtungen,zugehörige,planvermögen,tochterunternehmen,rwekonzerns,gesetzlich,vorgeschrieben,drei,jahre,technische,bewertung,erforderlichen,finanzierung,pensionspläne,durchzuführen,dabei,versorgungs,verpflichtungen,basis,konservativer,annahmen,bewertet,vorgaben,ifrs,abweichen,zugrunde,liegenden,versicherungsmathematischen,annahmen,beinhalten,wesentlichen,unterstellte,lebenserwartung,mitglieder,pensionspläne,ebenso,annahmen,inflation,rechnungszinssätzen,marktrenditen,planvermögens,letzten,technischen,bewertungen,rwesektion,sektion,fortgeführten,innogy,aktivitäten,wurden,31,märz,2019,durchgeführt,rwesektion,ergab,technisches,finanzierungsdefizit,443,mio˛£,zahlung,höhe,483,mio˛£,31,märz,2020,ausgeglichen,wurde,nächste,bewertung,31,märz,2022,stattfinden,sektion,fortgeführten,innogyaktivitäten,ergab,technisches,finanzierungsdefizit,1034,mio˛£,treuhändern,wurde,daraufhin,vereinbart,defizit,jährliche,zahlungen,höhe,375,mio˛£,363,mio˛£,170,mio˛£,170,mio˛£,jahren,2020,2023,auszugleichen,1an,investoren,2lagebericht,3versicherung,gesetzlichen,vertreter,5weitere,informationen,4konzernabschluss,anhang149,treuhändern,wurde,abschluss,transaktion,eon,vereinbart,nächste,bewertung,31,märz,2021,vorzuziehen,sektion,eon,übernommenen,erneuerbare,energiengeschäfts,wurde,31,märz,2020,bewertung,durchgeführt,ergab,finanzierungsdefizit,7,mio,£,trägerunternehmen,treuhänder,bewertungs,stichtag,15,monate,zeit,technischen,bewertung,zuzustimmen,rechnungsannahmen,3112202031122019in˛inland,ausland,˛1inland,ausland,˛1abzinsungsfaktor,080130120200gehaltssteigerungsrate,235300235300rentensteigerungsrate,100,160,bzw,175,210,bzw,290,100,160,bzw,175,190,bzw,280,1,betri˜t,versorgungszusagen,beschäftigte,rwekonzerns,großbritannien,zahlungen,ausgleich,defizits,teilnehmenden,gesellschaften,basierend,vertraglichen,vereinbarung,rechnung,gestellt,darüber,hinaus,regelmäßig,einzahlungen,finanzierung,jährlich,neu,erdienten,pensionsansprüche,erhöhenden,anwartschaften,aktiver,mitarbeiter,geleistet,rückstellung,leistungsorientierte,versorgungssysteme,versicherungsmathemati,schen,methoden,ermittelt,dabei,legen,folgende,rechnungsannahmen,zugrunde,methode,herleitung,rechnungszinses,inländische,pensionsverpflichtungen,ifrs,jahresende,angepasst,beim,bonduniversum,nunmehr,anleihen,anleihenominal,größer,100,mio˛•,abgestellt,zuvor,wurden,anleihen,anleihe,nominal,größer,50,mio˛•,berücksichtigt,ergibt,rechnungszins,höhe,080˛,gegenüber,bisherigen,ableitungsmethodik,liegt,10,basispunkte,höher,führt,bilanzierung,rund,180,mio˛•,niedrigeren,pensionsverpflichtung,folgejahr,führt,verringerung,dienstzeitaufwands,5,mio˛•,sowie,erhöhung,zinsaufwands,2,mio˛•,1an,investoren,2lagebericht,3versicherung,gesetzlichen,vertreter,5weitere,informationen,4konzernabschluss,anhang150,grundlage,unserer,kapitalanlagepolitik,deutschland,detaillierte,analyse,planvermö,gen,pensionsverpflichtungen,deren,verhältnis,zueinander,ziel,bestmögliche,anlagestrategie,festzulegen,assetliabilitymanagementstudie,optimierungsprozess,diejenigen,portfolio,identifiziert,gegebenes,risiko,jeweils,besten,zielwert,erwirtschaften,effizienten,portfolio,eins,ausgewählt,strategische,asset,allokation,bestimmt,außerdem,verbundenen,risiken,detailliert,analysiert,schwerpunkt,strategischen,kapitalanlage,rwe,liegt,ausländischen,staats,anleihen,steigerung,durchschnittsverzinsung,höherverzinsliche,unternehmens,anleihen,portfolio,aufgenommen,aktien,portfolio,geringeres,gewicht,renten,papiere,anlage,erfolgt,verschiedenen,regionen,anlage,aktien,langfristig,risikoprämie,gegenüber,rentenanlagen,erzielt,zusätzlich,möglichst,gleichmäßig,hohe,erträge,erreichen,zudem,produkten,investiert,zeitverlauf,höherer,wahrschein,lichkeit,relativ,gleichmäßig,positive,erträge,erzielen,darunter,produkte,verstanden,deren,erträge,rentenanlagen,schwanken,dennoch,mittelfristig,mehrertrag,erzielen,sogenannte,absolutereturnprodukte,u˛a,dachhedgefonds,großbritannien,berücksichtigen,kapitalanlage,struktur,pensionsverpflichtungen,sowie,liquiditäts,risikoaspekte,ziel,anlagestrategie,kapitaldeckungsgrad,pensionspläne,erhalten,vollständige,finanzierung,pensionspläne,zeitablauf,sicherzustellen,finanzierungskosten,mindern,überschussrenditen,erzielen,nehmen,anlage,höheren,risiko,portfolio,schwerpunkt,kapitalanlage,liegt,staats,unternehmensanleihen,zusammensetzung,planvermögens,zeitwerte,3112202031122019in,mio˛•,inland,˛1davon,level,1,ifrs,13ausland,˛2davon,level,1,ifrs,13inland,˛1davon,level,1,ifrs,13ausland,˛2davon,level,1,ifrs,13aktien,börsengehandelte,fonds,147214494856915391519468131zinstragende,titel,37853956362091350233immobilien,13mischfonds,364532415091167053751539160alternative,investment,711542412685438661sonstiges,45623477856430407696670233868392706616245365773931,beim,planvermögen,inland,handelt,wesentlichen,treuhänderisch,rwe,pensionstreuhand,e˛v,verwaltetes,vermögen,rwe,ag,weiterer,konzernunternehmen,sowie,vermögen,rwe,pensionsfonds,ag,2,beim,ausländischen,planvermögen,handelt,vermögen,rwe,gruppe,innerhalb,britischen,esp,abdeckung,versorgungszusagen,beschäftigte,rwekonzerns,großbritannien,3,darin,enthalten,dividendenpapiere,zinstragende,titel,4,darin,enthalten,rückdeckungsansprüche,gegenüber,versicherungen,sonstiges,kassenvermögen,1an,investoren,2lagebericht,3versicherung,gesetzlichen,vertreter,5weitere,informationen,4konzernabschluss,anhang151,veränderung,pensionsrückstellungen,barwert,versorgungsansprüche,zeitwert,planvermögens,aktivisch,ausgewiesenes,nettovermögen,gesamt,mio˛•,stand,01012020,16486131931533446laufender,dienstzeitaufwand,148148zinsaufwand˛˛zinsertrag,23820137vermögensertrag,fonds,abzüglich,zinskomponente,859˘859gewinne˛˛verluste,veränderung,demogra˚scher,annahmen,˘17˘17gewinne˛˛verluste,veränderung,˚nanzieller,annahmen,14351435erfahrungsbedingte,gewinne˛˛verluste,œ˛106œ˛106währungsanpassungen,œ˛352œ˛361œ˛10œ˛1arbeitnehmerbeiträge,88arbeitgeberbeiträge,1245˘245rentenzahlungen,2˘718˘690˘28änderungen,konsolidierungskreises˛˛umbuchungen,71629nachverrechneter,dienstzeitaufwand,88allgemeine,verwaltungskosten,˘88veränderung,aktivisch,ausgewiesenen,nettovermögens,2929stand,31122020,17201135091723864davon,inland,1050366703833davon,ausland,66986839172311,davon,96,mio˛•,erst˛˛nachdotierung,planvermögen,149,mio˛•,cash,flow,laufender,geschäftstätigkeit,2,enthalten,cash,flow,laufender,geschäftstätigkeit,pensionsrückstellungen,versorgungsansprüche,folgendermaßen,verändert,1an,investoren,2lagebericht,3versicherung,gesetzlichen,vertreter,5weitere,informationen,4konzernabschluss,anhang152,veränderung,pensionsrückstellungen,barwert,versorgungsansprüche,zeitwert,planvermögens,aktivisch,ausgewiesenes,nettovermögen,gesamt,mio˛•,stand,01012019,14987119132133287laufender,dienstzeitaufwand,123123zinsaufwand˛˛zinsertrag,31226250vermögensertrag,fonds,abzüglich,zinskomponente,1096˘1096gewinne˛˛verluste,veränderung,demogra˚scher,annahmen,˘49˘49gewinne˛˛verluste,veränderung,˚nanzieller,annahmen,12721272erfahrungsbedingte,gewinne˛˛verluste,4343währungsanpassungen,308315103arbeitnehmerbeiträge,66arbeitgeberbeiträge,1157˘157rentenzahlungen,2˘718˘694˘24änderungen,konsolidierungskreises,20914564nachverrechneter,dienstzeitaufwand,˘7˘7allgemeine,verwaltungskosten,˘77veränderung,aktivisch,ausgewiesenen,nettovermögens,˘70˘70stand,31122019,16486131931533446davon,inland,1004166163425davon,ausland,64456577153211,davon,42,mio˛•,erst˛˛nachdotierung,planvermögen,115,mio˛•,cash,flow,laufender,geschäftstätigkeit,2,enthalten,cash,flow,laufender,geschäftstätigkeit,1an,investoren,2lagebericht,3versicherung,gesetzlichen,vertreter,5weitere,informationen,4konzernabschluss,anhang153,veränderungen,versicherungsmathematischen,annahmen,folgenden,veränderungen,anwartschaftsbarwertes,leistungsorientierten,versorgungsverpflichtungen,führen,sensitivitätsanalyse,pensionsrückstellungen,veränderungen,anwartschaftsbarwertes,leistungsorientierten,versorgungsverptungen,mio˛•,3112202031122019veränderung,rechnungszinses,˛50˛˛˘˛50,basispunkte,œ,inland,œ792903œ˛734833œ,ausland,œ˛486552œ˛433489veränderung,gehaltstrends,˘˛50˛˛˛50,basispunkte,œ,inland,œ˛6365œ˛5557œ,ausland,œ˛4147œ˛3541veränderung,rententrends,˘˛50˛˛˛50,basispunkte,œ,inland,œ˛518569œ˛489537œ,ausland,œ339382œ˛300407erhöhung,lebenserwartung,jahr,œ,inland,523482œ,ausland,2102591an,investoren,2lagebericht,3versicherung,gesetzlichen,vertreter,5weitere,informationen,4konzernabschluss,anhang154,sensitivitätsanalysen,basieren,änderung,jeweils,annahme,wobei,annahmen,konstant,gehalten,realität,wahrscheinlich,davon,abweichen,methoden,berechnung,zuvor,genannten,sensitivitäten,berechnung,pension,rückstellungen,stimmen,überein,abhängigkeit,pensionsrückstellungen,marktzins,niveau,gegenläufigen,effekt,begrenzt,hintergrund,verpflichtungen,betrieblichen,altersversorgungsplänen,überwiegend,fondsgedeckt,planvermögen,großen,teil,negativ,marktrenditen,festverzinslicher,wertpapiere,korreliert,deshalb,schlagen,rückläufige,marktzinsen,typischerweise,anstieg,planvermögens,nieder,steigende,marktzinsen,hingegen,vermindern,i˛d˛r,planvermögen,barwert,versorgungsverpflichtungen,abzüglich,beizulegenden,zeitwertes,plan,vermögens,ergibt,nettoposition,fondsfinanzierten,fondsfinanzierten,versorgungs,verpflichtungen,bilanzierte,pensionsrückstellung,fondsfinanzierte,fondsfinanzierte,versorgungs,ansprüche,betrug,bilanzstichtag,3265,mio˛•,vorjahr,2889,mio˛•,bzw,599,mio˛•,vorjahr,557,mio˛•,rückstellungen,kernenergie,bergbaubereich,mio˛•,stand,01012020zuführungen,a,zinsanteil,inanspruch,nahmenstand,31122020rückstellungen,entsorgung,kernenergiebereich,672329˘317˘3156451bergbaubedingte,rückstellungen,461844˘15212˘4548141134173˚18229˚36011265,nachverrechnete,dienstzeitaufwand,enthielt,vorjahr,weitgehend,effekte,zusammen,hang,restrukturierungsmaßnahmen,inland,sowie,abfindungsleistungen,großbritannien,inländische,betriebsrenten,unterliegen,dreijahresrhythmus,stattfindenden,anpassungs,prüfungspflicht,gesetz,verbesserung,betrieblichen,altersversorgung,§,16,betravg,betriebsrentengesetz,zusagen,gewähren,daneben,jährliche,rentenanpassungen,höher,anpassung,gemäß,gesetzlichen,anpassungspflicht,versorgungspläne,inland,garantieren,bestimmtes,rentenniveau,einbeziehung,gesetzlichen,rente,gesamtversorgungssysteme,zukünftige,minderungen,gesetzlichen,renten,niveaus,könnten,rwe,höheren,rentenzahlungen,führen,gewichtete,durchschnittliche,laufzeit,leistungsverpflichtung,duration,betrug,inland,16,jahre,vorjahr,16,jahre,ausland,17,jahre,vorjahr,15,jahre,geschäftsjahr,2021,rwe,leistungsorientierte,pläne,fortgeführten,aktivitäten,voraus,sichtliche,zahlungen,höhe,240,mio˛•,geplant,vorjahr,275,mio˛•,unmittelbare,renten,leistungen,einzahlungen,planvermögen,tätigen,1an,investoren,2lagebericht,3versicherung,gesetzlichen,vertreter,5weitere,informationen,4konzernabschluss,anhang155,rückstellungen,entsorgung,kernenergiebereich,kernkraftwerke,biblis,a,b,emsland,gundremmingen,a,b,c,sowie,lingen,mülheimkärlich,voller,höhe,angesetzt,entsorgungsrückstellungen,niederländische,kernkraftwerk,borssele,gemäß,rweanteil,30˛,einbezogen,rückstellungen,entsorgung,kernenergiebereich,nahezu,ausschließlich,langfristige,rückstellungen,bilanzstichtag,abgezinsten,erfüllungsbetrag,bilanziert,heutigem,stand,planung,rückstellungen,wesentlichen,anfang,2040erjahre,anspruch,nehmen,basis,aktuellen,marktzinsniveaus,risikolose,geldanlagen,ermittelte,diskontierungssatz,betrug,bilanzstichtag,00˛,vorjahr,00˛,basis,erwartungen,allgemeinen,lohn,preissteigerungen,produktivitätsfort,schritt,abgeleitete,eskalationsrate,15˛,vorjahr,15˛,kernenergiespezifische,realabzinsungs,satz,differenz,diskontierungszinssatz,eskalationsrate,betrug,œ˛15˛,vorjahr,œ˛15˛,erhöhung,absenkung,satzes,01,prozentpunkte,barwert,rückstellung,rund,45,mio˛•,verringern,erhöhen,zuführungen,rückstellungen,entsorgung,kernenergiebereich,beruhen,mengen,bedingten,erhöhungen,verpflichtungsvolumens,liegen,œ,zinsanteil,œ,29,mio˛•,vorjahr,entfielen,719,mio˛•,übernommenen,kernenergieverpflichtungen,eontochter,preussenelektra,rahmen,erwerbs,minderheitenanteile,kernkraftwerksblöcken,gundremmingen,rückstellungsveränderungen,wurden,14,mio˛•,korrespondierenden,anschaffungskosten,kernkraftwerke,betrieb,befinden,brennelementen,verrechnet,abgesetzt,rückstellungen,wurden,geleistete,anzahlungen,dienstleistungen,höhe,8,mio˛•,berichtsjahr,überdies,rückstellungen,höhe,242,mio˛•,stilllegung,kernkraftwerken,anspruch,genommen,dafür,ursprünglich,stilllegungs,rückbaukosten,entsprechender,höhe,aktiviert,worden,anschaffungskosten,betreffenden,kernkraftwerke,gemäß,regelungen,gesetzes,neuordnung,verantwortung,kerntechnischen,entsorgung,verbleibt,zuständigkeit,stilllegung,abbau,anlage,sowie,verpackung,radioaktiven,abfälle,unternehmen,stilllegungs,abbauprozess,umfasst,dabei,tätigkeiten,endgültigen,einstellung,leistungsbetriebs,kernkraftwerks,entlassung,kraftwerksstandorts,regelungsbereich,atomgesetzes,antrag,stilllegung,abbau,kernkraftwerks,bereits,betriebszeit,atomrechtlichen,genehmigungsbehörde,gestellt,stilllegungs,abbautätigkeiten,rechtzeitig,ablauf,berechtigung,leistungsbetrieb,vorgenommen,rückbautätigkeiten,umfassen,wesentlichen,abbau,entfernen,radioaktiven,kontamination,einrichtungen,bzw,gebäudestrukturen,strahlenschutz,sowie,behördliche,begleitung,abbaumaßnahmen,restbetriebs,untergliedern,rückstellungen,entsorgung,kernenergiebereich,deshalb,rahmen,kraftwerksstilllegung,anfallenden,restbetrieb,abbau,kernkraftwerksanlagen,sowie,kosten,reststoffbearbeitung,abfallbehandlung,radioaktiven,abfälle,rückstellungen,entsorgung,kernenergiebereich,mio˛•,3112202031122019restbetrieb,27072840abbau20072086reststo˜bearbeitung,abfallbehandlung,1737179764516723,rückstellung,restbetrieb,kernkraftwerksanlagen,umfasst,aktivitäten,weitgehend,unabhängig,abbau,entsorgung,anfallen,sicheren,bzw,genehmigungskonformen,anlagenzustand,notwendig,bzw,behördlich,gefordert,neben,betriebsüberwachung,objektschutz,gehören,wesentlichen,wartung,wiederkeh,rende,prüfungen,instandhaltung,strahlen,brandschutz,sowie,infrastrukturanpassung,rückstellung,abbau,kernkraftwerksanlagen,maßnahmen,demontage,anlage,anlagenteilen,systemen,komponenten,sowie,gebäuden,enthalten,rahmen,atomgesetzes,zurückgebaut,müssen,weiteren,konventionelle,rückbau,kernkraftwerksanlagen,berücksichtigt,sofern,dafür,gesetzliche,sonstige,verpflich,tungstatbestände,vorliegen,1an,investoren,2lagebericht,3versicherung,gesetzlichen,vertreter,5weitere,informationen,4konzernabschluss,anhang156,rückstellung,reststoffbearbeitung,abfallbehandlung,umfasst,sowohl,kosten,bearbeitung,radioaktiven,reststoffe,ziel,schadlos,verwerten,kosten,behandlung,radioaktiven,abfälle,laufenden,betriebs,entstanden,bzw,beim,abbau,entstehen,darin,enthalten,verschiedenen,verfahren,konditionierung,fachgerechte,verpacken,schwach,mittelradioaktiven,abfälle,geeignete,behälter,sowie,deren,transport,bund,zwischenlagerung,beauftragte,bgz,gesellschaft,zwischenlagerung,mbh,bgz,darüber,hinaus,kosten,rückführung,wiederaufarbeitung,stammenden,abfälle,sowie,fachgerechte,verpackung,abgebrannter,brennelemente,d˛h,kosten,anschaffung,beladung,transport,zwischenlager,behältern,enthalten,auftrag,kernkraftwerksbetreibers,bewertet,international,renommierte,ni,ingenieurgesell,schaft,mbh,alzenau,jährlich,voraussichtlichen,restbetrieb,abbaukosten,kernkraft,werken,kosten,anlagenspezifisch,ermittelt,berücksichtigen,aktuellen,stand,technik,gegenwärtigen,regulatorischen,vorgaben,sowie,bisherigen,praktischen,erfahrungen,laufenden,bzw,bereits,abgeschlossenen,rückbauprojekten,darüber,hinaus,fließen,kostenberechnungen,aktuelle,entwicklungen,darin,eingeschlossen,kosten,konditionierung,fachgerechte,verpacken,beim,abbau,entstehenden,radioaktiven,abfälle,sowie,deren,transport,bgz,weitere,kostenschätzungen,entsorgung,radioaktiver,abfälle,basieren,verträgen,ausländischen,wiederaufarbeitungsunternehmen,entsor,gungsbetrieben,außerdem,liegen,kostenschätzungen,konzepte,interner,externer,experten,zugrunde,insbesondere,gns,gesellschaft,nuklearservice,mbh,gns,sitz,essen,rückstellungen,entsorgung,kernenergiebereich,lassen,vertraglichen,konkretisierung,folgt,aufgliedern,rückstellungen,entsorgung,kernenergiebereich,mio˛•,3112202031122019rückstellung,vertraglich,konkretisierte,nukleare,verptungen,46234849rückstellung,vertraglich,konkretisierte,nukleare,verptungen,1828187464516723,rückstellung,vertraglich,konkretisierte,nukleare,verpflichtungen,umfasst,kosten,restbetriebs,laufenden,anlage,sowie,kosten,abbaus,reststoffbearbeitung,abfallbehandlung,stilllegungsabfälle,rückstellung,vertraglich,konkretisierte,nukleare,verpflichtungen,enthält,sämtliche,verpflichtun,gen,deren,bewertung,zivilrechtliche,verträge,konkretisiert,verpflichtungen,enthalten,u˛a,erwartenden,restlichen,kosten,wiederaufarbeitung,rücknahme,daraus,resultierenden,radioaktiven,abfälle,kosten,ergeben,bestehenden,verträgen,ausländi,schen,wiederaufarbeitungsunternehmen,gns,daneben,kosten,anschaf,fung,transport,zwischenlagerbehälter,sowie,deren,beladung,abgebrannten,brennelemen,ten,rahmen,direkten,endlagerung,berücksichtigt,einbezogen,beträge,fachgerechte,verpackung,radioaktiver,betriebsabfälle,sowie,restbetrieb,anfallenden,eigenper,sonalkosten,endgültig,außer,betrieb,genommenen,anlage,bergbaubedingten,rückstellungen,größtenteils,langfristig,decken,bilanz,stichtag,verursachte,verpflichtungsvolumen,vollständig,ab,bilanzstichtag,abgezinsten,erfüllungsbetrag,angesetzt,kostenschätzungen,wesentlichen,teilen,externe,gutachten,belegt,1an,investoren,2lagebericht,3versicherung,gesetzlichen,vertreter,5weitere,informationen,4konzernabschluss,anhang157,diskontierung,inanspruchnahmen,kommenden,30,jahre,orientieren,aktuellen,marktzinsniveau,risikolose,geldanlagen,darüber,hinausgehende,zeiträume,marktzinsen,vorliegen,diskontierung,inanspruchnahmen,zeitraum,30,jahren,hinaus,nachhaltiger,langfristiger,zinssatz,verwendet,durchschnittliche,diskontie,rungszins,liegt,vorjahr,20˛,auswirkungen,gesunkene,marktzinsniveau,wurden,änderungen,zeitlichen,struktur,zahlungsreihe,kompensiert,großteil,rückstellungswerts,entfällt,weiterhin,inanspruchnahmen,nächsten,30,jahren,basis,aktuell,erwarteter,preis,kostensteigerungen,abgeleitete,eskalationsrate,beträgt,vorjahr,15˛,bergbauspezifische,realabzinsungssatz,differenz,diskontierungszins,satz,eskalationsrate,beträgt,vorjahr,05˛,erhöhung,absenkung,realabzinsungssatzes,01,prozentpunkte,barwert,rückstellung,rund,140,mio˛•,verringern,erhöhen,berichtsjahr,wurden,bergbaubedingten,rückstellungen,44,mio˛•,zugeführt,zinsanteil,grund,dafür,mengenbedingte,erhöhungen,verpflichtungsvolumens,denen,16,mio˛•,posten,—sachanlagenﬁ,aktiviert,wurden,rückstellungsauflösungen,höhe,15,mio˛•,ergeben,u˛a,dadurch,aktuelle,schätzungen,absenkung,erwarteten,kosten,wiedernutzbarmachung,geführt,zinsanteil,erhöhte,bergbaubedingten,rückstellungen,212,mio˛•,sonstige,rückstellungen,stand,01012020zuführungen,a,zins,anteil,änderungen,konsolidierungskreis,währungsanpassungen,umbuchungen,inanspruch,nahmenstand,31122020in,mio˛•,verptungen,personalbereich,restrukturierungen,983550œ˛46123œ˛521990verptungen,restrukturierungen,62290œ˛36œ˛21œ˛13642einkaufs,verkaufsverptungen,1506242œ˛95œ˛1631490rückstellungen,rückbau,windparks,952171œ˛6113œ˛92œ˛21136sonstige,rückbau,rüstungsverptungen,634110œ˛8981œ˛3œ˛15718umweltschutzverptungen,802œ˛11œ˛2œ˛278zinszahlungsverptungen,281œ˛58223rückgabeverptungen,co,2emissionsrechte˛˛,zerti˚kate,alternativer,energien,7711337œ˛16œ˛13œ˛7471332übrige,sonstige,rückstellungen,958293œ˛2131œ˛14œ˛28973667872795œ˜560197œ˜122œ˜175273451an,investoren,2lagebericht,3versicherung,gesetzlichen,vertreter,5weitere,informationen,4konzernabschluss,anhang158,rückstellungen,verpflichtungen,personalbereich,umfassen,wesentlichen,rückstellungen,altersteilzeitregelungen,abfindungen,ausstehenden,urlaub,jubiläen,sowie,erfolgsabhängige,gehaltsbestandteile,basis,aktueller,erwartungen,gehen,mehrheit,inanspruchnahme,jahren,2021,2025,rückstellungen,verpflichtungen,restrukturierungen,beziehen,wesentlichen,maßnahmen,sozialverträglichen,personalabbau,gegenwärtig,gehen,mehrheit,inanspruchnahme,jahren,2021,2038,dabei,beträge,personalmaß,nahmen,rückstellung,verpflichtungen,restrukturierungen,rückstellungen,verpflichtungen,personalbereich,umgegliedert,sobald,zugrunde,liegende,restrukturie,rungsmaßnahme,konkretisiert,fall,individuelle,verträge,sozialverträglichen,personalabbau,betroffenen,mitarbeitern,unterschrieben,wurden,rückstellungen,einkaufs,verkaufsverpflichtungen,umfassen,drohende,verluste,schwebenden,geschäften,heutiger,sicht,erwarten,großteil,inanspruchnahme,rückstellungen,rückbau,windparks,jahren,2021,2045,rückstellungen,sonstigen,rückbau,rüstungsverpflichtungen,jahren,2021,2060,23,finanzverbindlichkeiten,finanzverbindlichkeiten,3112202031122019in,mio˛•,langfristig,kurzfristig,langfristig,kurzfristig,anleihen˛15491110verbindlichkeiten,gegenüber,kreditinstituten,152883965391sonstige,finanzverbindlichkeiten,sicherheitsleistungen,handel,geschäfte,716400übrige,sonstige,finanzverbindlichkeiten,21874448184989839511247392416891,inkl,gemäß,ifrs,fremdkapital,klassi˚zierender,hybridanleihen,2,angepasste,werte,aufgrund,rückwirkender,anpassung,erstkonsolidierung,übernommenen,eonaktivitäten,siehe,seite,109,anhang,folgende,übersicht,zeigt,eckdaten,anleihen,rwekonzerns,31,dezember,2020,darstellten,ausstehende,anleihen,emittent,ausstehender,betrag,buchwertin,mio˛•,kupon,in˛fälligkeit,rwe,ag,12,mio˛•,1235oktober,2037,rwe,ag,282,mio˛•,128135april,2075rwe,ag,317,mio,us˛,12566625juli,2075,anleihen5491,gemäß,ifrs,fremdkapital,klassi˚zierende,hybridanleihe,1an,investoren,2lagebericht,3versicherung,gesetzlichen,vertreter,5weitere,informationen,4konzernabschluss,anhang159,25,übrige,verbindlichkeiten,übrige,verbindlichkeiten,3112202031122019in,mio˛•,langfristig,kurzfristig,langfristig,1kurzfristig,verbindlichkeiten,steuern,158129verbindlichkeiten,rahmen,sozialen,sicherheit114217derivate,554810639110088sonstige,übrige,verbindlichkeiten,59972546913541154900386211588davon,˚nanzielle,schulden,640841441510303davon,nicht˚nanzielle,schulden,51458944712851,angepasste,vorjahreswerte,aufgrund,rückwirkender,anpassung,erstkonsolidierung,übernommenen,eonaktivitäten,siehe,seite,109,anhang,verbindlichkeiten,rahmen,sozialen,sicherheit,insbesondere,abzuführenden,beiträge,sozialversicherungen,ausgewiesen,sonstigen,übrigen,verbindlichkeiten,vertragsverbindlichkeiten,höhe,221,mio˛•,vorjahr,269,mio˛•,enthalten,zudem,entfielen,sonstigen,übrigen,verbindlichkeiten,43,mio˛•,vorjahr,46,mio˛•,investitionszuwendungen,öffentlichen,hand,wesentlichen,zusammenhang,bau,windparks,gewährt,worden,4,september,2020,wurde,zuvor,ia,32,fremdkapital,klassifizierte,rwe,ag,begebene,hybridanleihe,gekündigt,rückzahlung,höhe,539,mio˛•,erfolgte,21,oktober,2020,hybridanleihe,neuem,hybridkapital,refinanzieren,hybrid,anleihe,kupon,275˛,laufzeit,april,2075,finanzverbindlichkeiten,31,mio˛•,vorjahr,39,mio˛•,grundpfandrechte,gesichert,sonstigen,finanzverbindlichkeiten,leasingverbindlichkeiten,enthalten,24,ertragsteuerverbindlichkeiten,ertragsteuerverbindlichkeiten,höhe,939,mio˛•,vorjahr,1174,mio˛•,ungewisse,ertragsteuerpositionen,enthalten,wesentlichen,beinhaltet,position,ertragsteuern,finanzverwaltung,abschließend,veranlagte,jahreszeiträume,bzw,laufende,jahr,1an,investoren,2lagebericht,3versicherung,gesetzlichen,vertreter,5weitere,informationen,4konzernabschluss,anhang160,sonstige,angaben,26,ergebnis,je,aktie,unverwässerte,verwässerte,ergebnis,je,aktie,ergeben,rweaktionären,zustehende,teil,nettoergebnisses,durchschnittliche,zahl,umlauf,befindlichen,aktien,geteilt,eigene,aktien,bleiben,dabei,unberücksichtigt,27,berichterstattung,finanzinstrumenten,finanzinstrumente,lassen,danach,unterscheiden,originär,derivativ,originären,finanzinstrumente,umfassen,aktivseite,wesentlichen,übrigen,finanzanlagen,forderungen,kurzfristigen,wertpapiere,flüssigen,mittel,finanzinstrumente,abhängig,klassifizierung,entweder,fortgeführten,anschaffungskosten,beizulegenden,zeitwert,angesetzt,finanzinstrumente,zwecke,bilanzierung,nachfolgenden,kategorien,zugeordnet,ł,fortgeführten,anscha˜ungskosten,bewertete,fremdkapitalinstrumente,vertraglichen,tehen,ausschließlich,zins,tilgung,ausstehenden,kapitalbetrag,finanzinstrument,besteht,halteabsicht,endfälligkeit,ergebnis,je,aktie,20202019nettoergebnis,aktionäre,rwe,ag,mio˛•,9958498davon,fortgeführten,aktivitäten,808œ˛691davon,fortgeführten,aktivitäten,1879189zahl,umlauf,be˚nd,lichen,aktien,gewichteter,durchschnitt,tsd,stück,637286614745unverwässertes,verwässertes,ergebnis,je,stückaktie,•1561382davon,fortgeführten,aktivitäten,127œ˛113davon,fortgeführten,aktivitäten,0291495dividende,je,stückaktie,•08510801,dividendenvorschlag,geschäftsjahr,2020,vorbehaltlich,beschlussfassung,hauptversammlung,28,april,2021,ł,erfolgsneutral,beizulegenden,zeitwert,bewertete,fremdkapitalinstrumente,vertraglichen,tehen,ausschließlich,zins,tilgung,ausstehenden,kapitalbetrag,finanzinstrument,besteht,sowohl,halte,veräußerungsabsicht,ł,erfolgsneutral,beizulegenden,zeitwert,bewertete,eigenkapitalinstrumente,option,änderungen,beizulegenden,zeitwertes,direkt,eigenkapital,auszuweisen,gebrauch,gemacht,ł,erfolgswirksam,beizulegenden,zeitwert,bilanzierte,˚nanzielle,vermögenswerte,vertraglichen,remdkapitalinstrumenten,bestehen,ausschließlich,zins,tilgung,ausstehenden,kapitalbetrag,option,ausweis,änderungen,beizulegenden,zeitwertes,eigenkapitalinstrumenten,direkt,eigenkapital,angewendet,passivseite,bestehen,originären,finanzinstrumente,wesentlichen,fortgeführ,ten,anschaffungskosten,bewerteten,verbindlichkeiten,beizulegenden,zeitwert,angesetzten,finanzinstrumente,anhand,veröffentlichten,börsenkurses,bewertet,sofern,finanzinstrumente,aktiven,markt,gehandelt,beizulegende,zeitwert,notierter,fremd,eigenkapitaltitel,grundsätzlich,basis,diskontierter,erwarteter,zahlungsströme,berücksichtigung,makroökonomischer,entwicklungen,unternehmensplandaten,ermittelt,diskontierung,aktuelle,restlaufzeitkongruente,marktzinssätze,herangezogen,derivative,finanzinstrumente,œ,sofern,anwendungsbereich,ifrs,9,fallen,œ,grund,sätzlich,beizulegenden,zeitwerten,bilanzstichtag,bilanziert,börsengehandelte,produkte,veröffentlichten,schlusskursen,jeweiligen,börsen,bewertet,börsengehandelte,produkte,anhand,öffentlich,zugänglicher,brokerquotierungen,bewertet,œ,fall,vorhanden,œ,anhand,allgemein,anerkannter,bewertungsmodelle,dabei,orientieren,soweit,möglich,notierungen,aktiven,märkten,sollten,notierungen,vorliegen,fließen,unternehmensspezifische,planannahmen,bewertung,umfassen,sämtliche,marktfakto,ren,marktteilnehmer,preisfestsetzung,berücksichtigen,energiewirt,schaftliche,volkswirtschaftliche,annahmen,umfangreichen,prozess,einbeziehung,interner,externer,experten,ermittelt,1an,investoren,2lagebericht,3versicherung,gesetzlichen,vertreter,5weitere,informationen,4konzernabschluss,anhang161,bemessung,beizulegenden,zeitwertes,gruppe,finanzieller,vermögenswerte,finanziel,ler,verbindlichkeiten,basis,nettorisikoposition,pro,geschäftspartner,vorgenommen,folgende,übersicht,stellt,einordnung,beizulegenden,zeitwert,bewerteten,finanzinstru,mente,ifrs,13,vorgegebene,fairvaluehierarchie,dar,einzelnen,stufen,fairvaluehierarchie,folgt,definiert,fairvaluehierarchie,mio˛•,summe,2020stufe,1,stufe,2,stufe,3,summe,2019stufe,1,stufe,2,stufe,3,übrige,finanzanlagen,14244365921437143203853171296derivate,aktiv,878480856991210811443665davon,sicherungsbeziehungen,1634163429612961wertpapiere,421912692950325818291429zur,veräußerung,bestimmte,vermögenswerte,918derivate,passiv,86608404256104799902577davon,sicherungsbeziehungen,1498149815131513zur,veräußerung,bestimmte,schulden,441,angepasste,vorjahreswerte,aufgrund,rückwirkender,anpassung,erstkonsolidierung,übernommenen,eonaktivitäten,siehe,seite,109,anhang,ł,stufe,1,bewertung,unverändert,übernommenen,preisen,identischer,finanzinstrumente,aktiven,märkten,gebildet,ł,stufe,2,bewertung,basis,inputfaktoren,denen,preise,stufe,1,handelt,finanzinstrument,entweder,direkt,d˛h,preis,indirekt,d˛h,ableitung,preisen,beobachten,lassen,ł,stufe,3,bewertung,mithilfe,faktoren,beobachtbare,marktdaten,stützen,1an,investoren,2lagebericht,3versicherung,gesetzlichen,vertreter,5weitere,informationen,4konzernabschluss,anhang162,aufgrund,höheren,anzahl,preisquotierungen,aktiven,märkten,wurden,finanzielle,vermögens,werte,beizulegenden,zeitwert,43,mio˛•,vorjahr,24,mio˛•,stufe,2,stufe,1,umgegliedert,gegenläufig,wurden,wegen,verminderten,anzahl,preisquotierungen,finanzielle,vermögenswerte,beizulegenden,zeitwert,93,mio˛•,vorjahr,25,mio˛•,stufe,1,finanzinstrumente,stufe,3,entwicklung,jahr,2020stand,01012020änderungen,konsolidierungskreis,währungsanpassungen,sonstiges,veränderungen,stand,31122020in,mio˛•,erfolgswirksam,erfolgsneutral,oci,zahlungs,wirksam,übrige,finanzanlagen,2969œ˛859853371derivate,aktiv,665œ˛9421699zur,veräußerung,bestimmte,vermögenswerte,8œ˛91derivate,passiv,577œ˛8œ˛313256zur,veräußerung,bestimmte,schulden,4œ˛51stufe,2,umgegliedert,vorjahr,wurden,derivate,beizulegenden,zeitwert,44,mio˛•,stufe,2,stufe,3,umgegliedert,folgende,darstellung,zeigt,entwicklung,stufe,3,beizulegenden,zeitwert,bilanzierten,finanzinstrumente,finanzinstrumente,stufe,3,entwicklung,jahr,2019stand,01012019änderungen,konsolidierungskreis,währungsanpassungen,sonstiges,veränderungen,stand,31122019in,mio˛•,erfolgswirksam,erfolgsneutral,oci,zahlungs,wirksam,übrige,finanzanlagen,1148101œ˛23œ˛979296derivate,aktiv,156182434œ˛107665zur,veräußerung,bestimmte,vermögenswerte,804œ˛819œ˛8318derivate,passiv,35138432œ˛28577zur,veräußerung,bestimmte,schulden,441,angepasste,werte,aufgrund,rückwirkender,anpassung,erstkonsolidierung,übernommenen,eonaktivitäten,siehe,seite,109,anhang,1an,investoren,2lagebericht,3versicherung,gesetzlichen,vertreter,5weitere,informationen,4konzernabschluss,anhang163,derivative,finanzinstrumente,stufe,3,umfassen,wesentlichen,energiebezugs,rohstoff,verträge,handelsperioden,betreffen,aktiven,märkte,gibt,bewertung,insbesondere,entwicklung,strom,öl,gaspreise,abhängig,steigenden,markt,preisen,erhöht,gleichen,bedingungen,beizulegende,zeitwert,sinkenden,markt,preisen,verringert,veränderung,preisverhältnisse,˛˛œ˛10˛,anstieg,marktwertes,95,mio˛•,vorjahr,61,mio˛•,bzw,rückgang,95,mio˛•,vorjahr,61,mio˛•,führen,finanzinstrumente,stufe,3,erfolgswirksam,erfasste,gewinne,verluste,1in,mio˛•,gesamt,2020davon,finanzinstrumente,entfallend,bilanzstichtag,gehalten,wurden,gesamt,2019davon,finanzinstrumente,entfallend,bilanzstichtag,gehalten,wurden,sonstige,betriebliche,erträge˛˛aufwendungen,3568521212beteiligungsergebnis,œ˛86œ˛85œ˛34œ˛20270767œ˜22œ˜81,angepasste,vorjahreswerte,erfolgswirksam,erfassten,gewinne,verluste,finanzinstrumenten,stufe,3,entfallen,folgende,posten,gewinn,verlustrechnung,1an,investoren,2lagebericht,3versicherung,gesetzlichen,vertreter,5weitere,informationen,4konzernabschluss,anhang164,finanziellen,vermögenswerte,verbindlichkeiten,lassen,berichtsjahr,bewertungs,kategorien,ifrs,9,folgenden,buchwerten,untergliedern,buchwerte,bewertungskategorien,mio˛•,3112202031122019erfolgswirksam,beizulegenden,zeitwert,bilanzierte,˚nanzielle,vermögenswerte,1057310775davon,verptend,beizulegenden,zeitwert,bewertet,œ,fortgeführte,aktivitäten,1057310767davon,verptend,beizulegenden,zeitwert,bewertet,œ,veräußerung,bestimmt,8zu,fortgeführten,anscha˜ungskosten,bewertete,fremdkapital,instrumente,133669543davon,veräußerung,bestimmt,2112erfolgsneutral,beizulegenden,zeitwert,bewertete,fremdkapital,instrumente,13381727erfolgsneutral,beizulegenden,zeitwert,bewertete,eigenkapital,instrumente,37024247erfolgswirksam,beizulegenden,zeitwert,bilanzierte,˚nanzielle,verbindlichkeiten,71638970davon,verptend,beizulegenden,zeitwert,bewertet,œ,fortgeführte,aktivitäten,71638966davon,verptend,beizulegenden,zeitwert,bewertet,œ,veräußerung,bestimmt,4zu,fortgeführten,anscha˜ungskosten,bewertete,verbindlichkeiten,70137950davon,veräußerung,bestimmt,315311die,buchwerte,finanziellen,vermögenswerte,verbindlichkeiten,anwendungsbereich,ifrs,7,stimmen,grundsätzlich,beizulegenden,zeitwerten,überein,abweichungen,gibt,lediglich,finanzverbindlichkeiten,deren,buchwert,beträgt,4011,mio˛•,vorjahr,4632,mio˛•,beizulegende,zeitwert,4281,mio˛•,vorjahr,4798,mio˛•,davon,entfallen,607,mio˛•,vorjahr,1180,mio˛•,stufe,1,3674,mio˛•,vorjahr,3618,mio˛•,stufe,2,fairvaluehierarchie,finanzinstrumente,wurden,gewinn,verlustrechnung,je,bewertungskategorie,folgenden,nettoergebnissen,gemäß,ifrs,7,erfasst,nettoergebnis,je,bewertungskategorie,mio˛•,20202019erfolgswirksam,beizulegenden,zeitwert,bilanzierte,˚nanzielle,vermögenswerte,verbindlichkeiten,3318941davon,verptend,beizulegenden,zeitwert,bewertet,3318941zu,fortgeführten,anscha˜ungskosten,bewertete,fremdkapitalinstrumente,˘248137erfolgsneutral,beizulegenden,zeitwert,bewertete,fremdkapitalinstrumente,˘738erfolgsneutral,beizulegenden,zeitwert,bewertete,eigenkapitalinstrumente,19327zu,fortgeführten,anscha˜ungskosten,bewertete,verbindlichkeiten,˘303˘3171an,investoren,2lagebericht,3versicherung,gesetzlichen,vertreter,5weitere,informationen,4konzernabschluss,anhang165,nettoergebnis,gemäß,ifrs,7,umfasst,wesentlichen,zinsen,dividenden,ergebnisse,bewertung,finanzinstrumenten,beizulegenden,zeitwert,teil,investitionen,eigenkapitalinstrumente,option,ausgeübt,änderungen,beizulegenden,zeitwertes,oci,auszuweisen,hierbei,handelt,strategische,investitionen,langfristige,beteiligungen,sowie,wertpapiere,spezialfonds,beizulegender,zeitwert,erfolgsneutral,beizulegenden,zeitwert,bewerteten,eigenkapitalinstrumenten,3112202031122019in,mio˛•,wertpapiere,spezialfonds,444nordsee,one,gmbh,12022,eon,se,35823780,berichtsjahr,2020,wurden,dividendenerträge,finanzinstrumenten,höhe,193,mio˛•,vorjahr,27,mio˛•,erfasst,denen,5,mio˛•,vorjahr,5,mio˛•,eigenkapitalinstrumente,entfallen,selben,jahr,veräußert,wurden,berichtsjahr,wurden,außerdem,erfolgsneutral,beizulegen,zeitwert,bewertete,eigenkapitalinstrumente,aufgrund,bestehenden,anlagestrategie,veräußert,deren,beizulegender,zeitwert,ausbuchung,belief,782,mio˛•,vorjahr,738,mio˛•,daraus,entstandene,verlust,betrug,18,mio˛•,vorjahr,gewinn,5,mio˛•,folgende,übersicht,zeigt,diejenigen,finanziellen,vermögenswerte,finanziellen,verbindlich,keiten,gemäß,ia,32,saldiert,einklagbaren,globalverrechnungsverträgen,ähnlichen,vereinbarungen,unterliegen,saldierten,finanziellen,vermögenswerte,verbindlich,keiten,umfassen,wesentlichen,täglich,fällige,sicherheitsleistungen,börsengeschäfte,saldierung,˙nanziellen,vermögens,werten,˙nanziellen,verbindlichkeiten,31122020,angesetzte,bruttobeträge,saldierungausgewiesene,nettobeträge,zugehörige,saldierte,beträge,nettobetrag,finanzinstrumente,erhaltene˛˛geleistete,barsicherheiten,mio˛•,derivate,aktiv,10111œ˛9209902œ˛495407derivate,passiv,8024œ˛7439585œ˛267œ˛3108saldierung,˙nanziellen,vermögenswerten,˙nanziellen,verbindlichkeiten,31122019,angesetzte,bruttobeträge,saldierungausgewiesene,nettobeträge,zugehörige,saldierte,beträge,nettobetrag,finanzinstrumente,erhaltene˛˛geleistete,barsicherheiten,mio˛•,derivate,aktiv,10381œ˛9801580œ˛318262derivate,passiv,9031œ˛8185846œ˛119œ˛7271an,investoren,2lagebericht,3versicherung,gesetzlichen,vertreter,5weitere,informationen,4konzernabschluss,anhang166,risiken,schwankungen,commoditypreise,sowie,finanzwirtschaftliche,risiken,fremdwährungs,risiken,zinsrisiken,risiken,wertpapieranlagen,rwe,u˛a,anhand,kennzahlen,value,at,risk,var,überwacht,gesteuert,steuerung,zinsrisiken,zudem,cash,flow,at,risk,cfar,ermittelt,varmethode,ermittelt,überwacht,rwe,maximale,verlustpotenzial,bestimmten,wahrscheinlichkeit,innerhalb,bestimmter,fristen,veränderung,marktpreisen,ergibt,berechnung,historische,preisschwankungen,zugrunde,gelegt,cfar,varangaben,konfidenzintervall,95˛,haltedauer,tag,ermittelt,cfar,konfidenzintervall,95˛,haltedauer,jahr,unterstellt,rwe,unterscheidet,zinsrisiken,zwei,risikokategorien,seite,zins,steigerungen,führen,kurse,wertpapieren,rwebestand,sinken,betrifft,erster,linie,festverzinsliche,anleihen,bestimmung,kurswertrisikos,var,ermittelt,betrug,bilanzstichtag,25,mio˛•,vorjahr,48,mio˛•,seite,erhöhen,zinsniveau,finanzierungskosten,sensitivität,zinsaufwands,bezug,marktzins,steigerungen,messen,cfar,lag,31,dezember,2020,186,mio˛•,vorjahr,348,mio˛•,rwe,ermittelt,cfar,annahme,refinanzierung,fälliger,schulden,var,fremdwährungspositionen,lag,31,dezember,2020,02,mio˛•,vorjahr,16,mio˛•,entspricht,interne,steuerung,verwendeten,kennzahl,grundgeschäfte,cashflowhedgebeziehungen,eingehen,zudem,bildet,var,zusätzlich,risiko,zeitlicher,inkongruenzen,ab,var,kurswertrisiken,aktien,rweportfolio,lag,31,dezember,2020,0,mio˛•,vorjahr,37,mio˛•,rwe,supply,trading,var,handelsgeschäft,var,gebündelte,geschäft,gas,verflüssigtem,erdgas,lng,zentralen,internen,steuerungsgrößen,commoditypositionen,var,darf,höchstens,40,mio˛•,bzw,14,mio˛•,betragen,31,dezember,2020,belief,var,handelsgeschäft,250,mio˛•,vorjahr,120,mio˛•,bzw,gebündelte,gas,lnggeschäft,67mio˛•,vorjahr,47,mio˛•,zugehörigen,saldierten,beträge,umfassen,außerbörsliche,transaktionen,erhaltene,geleistete,barsicherheiten,sowie,rahmen,börsengeschäften,voraus,erbringende,sicherheitsleistungen,rwekonzern,international,tätiges,energieerzeugungsunternehmen,rahmen,gewöhnlichen,geschäftstätigkeit,markt,kredit,liquiditätsrisiken,ausgesetzt,begrenzen,risiken,systematisches,konzernübergreifendes,risikomanagement,handlungs,rahmen,verantwortlichkeiten,kontrollen,interne,richtlinien,verbindlich,vorgegeben,marktrisiken,ergeben,änderungen,währungs,aktienkursen,sowie,zinssätzen,commoditypreisen,ergebnis,geschäftstätigkeit,beeinflussen,wegen,internationalen,präsenz,rwekonzerns,kommt,währungsmanagement,große,bedeutung,brennstoffe,notieren,u˛a,britischen,pfund,usdollar,zudem,rwe,vielzahl,verschiedener,währungsräume,geschäftlich,aktiv,gesellschaften,rwekonzerns,verpflichtet,fremdwährungsrisiken,rwe,ag,sichern,fremdwährungsrisiken,beteiligung,finanzierung,erneuerbareenergiengeschäfts,erwachsen,rwe,renewables,international,participation,bv,abgesichert,zinsrisiken,resultieren,hauptsächlich,finanzschulden,zinstragenden,anlage,konzerns,negative,wertänderungen,unerwarteten,zinsbewegungen,sichern,fallweise,originäre,derivative,finanzgeschäfte,ab,chancen,risiken,wertänderungen,langfristigen,wertpapiere,professionelles,fondsmanagement,zentral,rwe,ag,verwaltet,weiteren,finanzgeschäfte,konzerns,zentralen,risikomanagementsoftware,erfasst,rwe,ag,überwacht,commoditygeschäfte,bereich,controlling,risikomanagement,rwe,ag,richtlinien,aufgestellt,demnach,dürfen,derivate,absicherung,preisrisiken,eingesetzt,darüber,hinaus,handel,commodityderivaten,rahmen,limiten,erlaubt,einhaltung,obergrenzen,täglich,überwacht,1an,investoren,2lagebericht,3versicherung,gesetzlichen,vertreter,5weitere,informationen,4konzernabschluss,anhang167,handel,gebündelten,lng,gasgeschäft,rwe,supply,trading,zudem,monatlicher,basis,stresstests,durchgeführt,auswirkungen,commoditypreisänderungen,ertragslage,simulieren,gegebenenfalls,risikomindernde,maßnahmen,ergreifen,test,marktpreiskurven,modifiziert,basis,neubewertung,commodity,position,vorgenommen,abgebildet,neben,historischen,extrempreisszenarien,realistische,fiktive,preisszenarien,fall,stresstests,interne,schwellen,überschreiten,szenarien,genauer,hinsichtlich,wirkung,wahrscheinlichkeit,analysiert,gegebenenfalls,risikomindernde,maßnahmen,erwogen,commodityrisiken,stromerzeugenden,konzerngesellschaften,segmente,kohle˛˛kernenergie,sowie,wasser˛˛biomasse˛˛gas,gemäß,konzernvorgaben,basierend,verfügbaren,marktliquidität,marktpreisen,segment,energiehandel,abgesichert,entsprechend,vorge,hensweise,z˛b,langfristigen,investitionen,commodityrisiken,langfristigen,positionen,positionen,aufgrund,größe,gegebener,marktliquidität,absichern,lassen,varkonzept,gesteuert,deshalb,varwerten,berücksichtigt,übertragenen,offenen,erzeugungspositionen,hinaus,konzerngesell,schaften,segmente,kohle˛˛kernenergie,sowie,wasser˛˛biomasse˛˛gas,gemäß,konzernvorgabe,berechtigt,wesentliche,risikopositionen,halten,weiteren,commoditypreisrisiken,bezug,erzeugungspositionen,erneuerbaren,energien,gasspeichergeschäft,bestehen,commoditypreisrisiken,erneuerbaren,erzeugungspositionen,renewables,commodity,management,committee,re,cmc,gesteuert,tochtergesellschaften,gasspeichern,steuern,positionen,aufgrund,unbundlingvorschriften,ebenfalls,selbstständig,wichtigsten,instrumenten,begrenzung,marktrisiken,gehört,abschluss,sicherungsgeschäften,instrumente,dienen,dabei,termin,optionsgeschäfte,devisen,zinsswaps,zinswährungsswaps,sowie,termin,option,future,swapgeschäfte,commodity,laufzeiten,zins,währungs,aktien,index,commodityderivate,sicherungsgeschäfte,orientieren,laufzeit,jeweiligen,grundgeschäfte,liegen,überwiegend,kurz,mittelfristigen,bereich,absicherung,fremdwährungsrisikos,auslandsbeteiligungen,betragen,laufzeiten,elf,jahre,derivativen,finanzinstrumente,vermögenswerte,verbindlichkeiten,beizulegenden,zeitwert,angesetzt,interpretation,positiven,negativen,beizulegenden,zeitwerte,beachten,finanzinstrumenten,œ,außer,beim,handel,commodity,œ,i˛d˛r,grundgeschäfte,kompensierenden,risiken,gegenüberstehen,bilanzielle,sicherungsbeziehungen,gemäß,ifrs,9,dienen,erster,linie,reduktion,währungs,risiken,beteiligungen,ausländischer,funktionalwährung,marktpreisrisiken,commodity,zinsrisiken,langfristigen,verbindlichkeiten,sowie,währungs,preisrisiken,absatz,beschaffungsgeschäften,fair,value,hedge,zweck,marktpreisrisiken,co,2emissionsrechten,begrenzen,fair,value,hedge,sowohl,derivat,abgesicherte,grundgeschäft,letzteres,hinsichtlich,abgesicherten,risikos,erfolgswirksam,beizulegenden,zeitwert,erfasst,absicherung,beizulegenden,zeitwertes,rohstoffpreisrisiken,rwe,folgenden,sicherungsinstrumente,gehalten,sicherungsinstrumente,fair,value,hedge,31122019,fälligkeit,1˛œ˛6,monate,7˛œ˛12,monate,˛12,monate,co2derivate,nominalvolumen,mio˛•,39gesicherter,durchschnittspreis,in˛•˛˛tonne,557sicherungsinstrumente,fair,value,hedge,31122020,fälligkeit,1˛œ˛6,monate,7˛œ˛12,monate,˛12,monate,co2derivate,nominalvolumen,mio˛•,39gesicherter,durchschnittspreis,in˛•˛˛tonne,5571an,investoren,2lagebericht,3versicherung,gesetzlichen,vertreter,5weitere,informationen,4konzernabschluss,anhang168,sicherungsinstrumente,cash,flow,hedge,31122020,fälligkeit,1˛œ˛6,monate,7˛œ˛12,monate,˛12,monate,devisenterminkontrakte,œ,käufe,nominalvolumen,mio˛•,522258234durchschnittskurs,eur˛˛usd,119119120durchschnittskurs,eur˛˛gbp,091091092durchschnittskurs,eur˛˛cad,154163164devisenterminkontrakte,œ,verkäufe,nominalvolumen,mio˛•,œ˛945œ˛319œ˛447durchschnittskurs,eur˛˛usd,120121120durchschnittskurs,eur˛˛gbp,090091091durchschnittskurs,eur˛˛cad,155157sicherungsinstrumente,cash,flow,hedge,31122019,fälligkeit,1˛œ˛6,monate,7˛œ˛12,monate,˛12,monate,devisenterminkontrakte,œ,käufe,nominalvolumen,mio˛•,227613461durchschnittskurs,eur˛˛usd,115118119durchschnittskurs,eur˛˛gbp,087089,durchschnittskurs,eur˛˛cad,154156164devisenterminkontrakte,œ,verkäufe,nominalvolumen,mio˛•,œ˛2947œ˛401œ˛112durchschnittskurs,eur˛˛usd,113118126durchschnittskurs,eur˛˛gbp,087088086,durchschnittskurs,eur˛˛cad,151,157cash,flow,hedge,absicherung,zinsrisiken,langfristigen,verbindlich,keiten,sowie,währungs,preisrisiken,absatz,beschaffungsgeschäften,eingesetzt,sicherungsinstrumente,dienen,termin,swap,optionsgeschäfte,devisen,zinsen,sowie,termin,future,swapgeschäfte,commodity,änderungen,beizulegenden,zeitwertes,sicherungsinstrumente,soweit,deren,effektiven,teil,betreffen,lange,oci,berücksichtigt,grundgeschäft,realisiert,ineffektive,teil,wertänderung,erfolgswirksam,erfasst,absicherung,commodity,basieren,grund,sicherungsgeschäfte,preisindex,daraus,entsteht,grundsätzlich,ineffektivität,absicherung,fremdwährungs,risiken,ineffektivität,zeitlichen,versatz,entstehung,grund,abschluss,sicherungsgeschäfts,entstehen,ebenso,ineffektivitäten,kommen,sicherungsgeschäfte,wesentliche,fremdwährungsbasisspreads,enthalten,realisation,grundgeschäfts,geht,erfolgsbeitrag,sicherungsgeschäfts,accumulated,other,comprehensive,income,gewinn,verlustrechnung,erstmaligen,wertansatz,vermögenswertes,verbindlichkeit,verrechnet,absicherung,künftiger,zahlungsströme,fremdwährungsrisiken,rwe,folgenden,siche,rungsinstrumente,gehalten,absicherung,künftiger,zahlungsströme,zinsrisiken,rwe,folgenden,sicherungsinstrumen,te,gehalten,sicherungsinstrumente,cash,flow,hedge,31122020,fälligkeit,1˛œ˛6,monate,7˛œ˛12,monate,˛12,monate,zinsswaps,nominalvolumen,mio˛£,1215gesicherter,durchschnittszins,in˛,155sicherungsinstrumente,cash,flow,hedge,31122019,fälligkeit,1˛œ˛6,monate,7˛œ˛12,monate,˛12,monate,zinsswaps,nominalvolumen,mio˛£,808gesicherter,durchschnittszins,in˛,1551an,investoren,2lagebericht,3versicherung,gesetzlichen,vertreter,5weitere,informationen,4konzernabschluss,anhang169,kommerzielle,optimierung,kraftwerkportfolios,basiert,dynamischen,sicherungs,strategie,ausgehend,änderungen,marktpreise,marktliquidität,sowie,absatz,geschäft,endkunden,grund,sicherungsgeschäfte,fortwährend,angepasst,commoditypreise,abgesichert,hierdurch,positiver,deckungsbeitrag,erzielt,proprietäre,handel,commodity,bezüglich,risikomanagements,hiervon,strikt,getrennt,hedge,nettoinvestitionen,ausländische,teileinheiten,net,investment,hedge,dienen,absicherung,fremdwährungsrisiken,beteiligungen,deren,funktionalwährung,euro,sicherungsinstrumente,setzen,zinswährungsswaps,währungsderivate,ändert,beizulegende,zeitwert,sichernden,zinswährungsswaps,währungs,umrechnungsdifferenz,oci,berücksichtigt,absicherung,nettoinvestitionen,ausländische,teileinheiten,rwe,folgenden,siche,rungsinstrumente,gehalten,sicherungsinstrumente,net,investment,hedge,31122020,fälligkeit,1˛œ˛6,monate,7˛œ˛12,monate,˛12,monate,devisen,terminkontrakte,œ,käufe,nominalvolumen,mio˛•,277durchschnittskurs,eur˛˛gbp,090devisen,terminkontrakte,œ,verkäufe,nominalvolumen,mio˛•,œ5737œ631durchschnittskurs,eur˛˛gbp,091063sicherungsinstrumente,net,investment,hedge,31122019,fälligkeit,1˛œ˛6,monate,7˛œ˛12,monate,˛12,monate,devisenterminkontrakte,œ,verkäufe,nominalvolumen,mio˛•,œ˛1037œ˛349œ˛631durchschnittskurs,eur˛˛gbp,0900860631an,investoren,2lagebericht,3versicherung,gesetzlichen,vertreter,5weitere,informationen,4konzernabschluss,anhang170,sicherungsinstrumente,œ,auswirkungen,vermögens,finanz,ertragslage,31122020,nominalwert,buchwertänderung,beizu,legenden,zeitwertes,laufenden,periode,erfasste,ine˜ektivität,mio˛•,aktivpassiv,fair,value,hedge,rohsto˜preisrisiken,3919256cash,flow,hedge,fremdwährungsrisiken,729177œ˛90rohsto˜preisrisiken,2444130201104614net,investment,hedge,fremdwährungsrisiken,6366122671,angegebene,nettonominalwert,setzt,zusammen,käufen,höhe,1086,mio˛•,verkäufen,höhe,œ˛3530,mio˛•,sicherungsinstrumente,œ,auswirkungen,vermögens,finanz,ertragslage,31122019,nominalwert,buchwertänderung,beizu,legenden,zeitwertes,laufenden,periode,erfasste,ine˜ektivität,mio˛•,aktivpassiv,fair,value,hedge,rohsto˜preisrisiken,39,13511cash,flow,hedge,zinsrisiken,93110569fremdwährungsrisiken,296528726rohsto˜preisrisiken,œ˛4125123371046œ˛571net,investment,hedge,fremdwährungsrisiken,32855351,angegebene,nettonominalwert,setzt,zusammen,käufen,höhe,3494,mio˛•,verkäufen,höhe,7619,mio˛•,sicherungsbeziehungen,designierten,sicherungsinstrumente,folgende,auswirkungen,vermögens,finanz,ertragslage,1an,investoren,2lagebericht,3versicherung,gesetzlichen,vertreter,5weitere,informationen,4konzernabschluss,anhang171,fair,value,hedge,31122020buchwertdavon,kumulierte,anpassungen,beizulegenden,zeitwertes,änderung,beizulegenden,zeitwertes,berichtsjahres,mio˛•,aktivpassiv,aktivpassiv,rohsto˜preis,risiken,23119256cash,flow,hedge,net,investment,hedge,31122020,änderung,beizulegenden,zeitwertes,laufenden,periode,rücklage,laufende,sicherungs,beziehungenrücklage,bereits,beendete,sicherungs,beziehungenin,mio˛•,cash,flow,hedge,zinsrisiken,44œ˛50fremdwährungsrisiken,œ˛78œ˛59œ˛14rohsto˜preisrisiken,œ˛15283094œ˛11net,investment,hedge,fremdwährungsrisiken,1171275350fair,value,hedge,31122019buchwertdavon,kumulierte,anpassungen,beizulegenden,zeitwertes,änderung,beizulegenden,zeitwertes,berichtsjahres,mio˛•,aktivpassiv,aktivpassiv,rohsto˜preis,risiken,17413511cash,flow,hedge,net,investment,hedge,31122019,änderung,beizulegenden,zeitwertes,laufenden,periode,rücklage,laufende,sicherungs,beziehungenrücklage,bereits,beendete,sicherungs,beziehungenin,mio˛•,cash,flow,hedge,zinsrisiken,œ˛94fremdwährungsrisiken,67107rohsto˜preisrisiken,6234574œ˛15net,investment,hedge,fremdwährungsrisiken,551151328die,buchwerte,grundgeschäfte,fair,value,hedge,bilanzposition,—sonstige,forderun,gen,sonstige,vermögenswerteﬁ,ausgewiesen,realisationen,oci,sowie,etwaige,ineffektivi,täten,gewinn,verlustrechnung,innerhalb,positionen,ausgewiesen,denen,grundgeschäfte,ergebniswirksam,erfasst,realisationen,oci,positionen,umsatzerlöse,materialaufwand,ineffektivitäten,sonstigen,betrieblichen,erträgen,aufwendungen,erfasst,realisationen,etwaige,ineffektivitäten,buchwerte,sicherungsinstrumente,bilanzpositionen,—sonstige,forderungen,sonstige,vermögenswerteﬁ,sowie,—übrige,verbindlichkeitenﬁ,ausgewiesen,sicherungsbeziehungen,designierten,grundgeschäfte,folgende,auswirkungen,vermögens,finanz,ertragslage,1an,investoren,2lagebericht,3versicherung,gesetzlichen,vertreter,5weitere,informationen,4konzernabschluss,anhang172,rücklage,sicherungsbeziehungen,2020,mio˛•,stand,01012020,2979cash,flow,hedge,e˜ektiver,teil,marktwertänderungen,œ˛1777,zinsrisiken,œ˛35fremdwährungsrisiken,37rohsto˜preisrisiken,œ˛1779aus,oci,gewinn,verlustrechnung,umgegliederter,gewinn,verlust,œ,realisation,grundgeschäfte,1256fremdwährungsrisiken,rohsto˜risiken,1256als,anpassung,anscha˜ungskosten,erfasster,gewinn,verlust,œ˛982zinsrisiken,fremdwährungsrisiken,1rohsto˜risiken,œ˛983steuerlicher,e˜ekt,rücklagenveränderung,412net,investment,hedge,e˜ektiver,teil,marktwertänderungen,œ˛147fremdwährungsrisiken,œ˛147verrechnung,währungsanpassungen,147stand,31122020,1888,rücklage,sicherungsbeziehungen,2019,mio˛•,stand,01012019,3344,cash,flow,hedge,e˜ektiver,teil,marktwertänderungen,332zinsrisiken,œ˛53fremdwährungsrisiken,œ˛223rohsto˜preisrisiken,608aus,oci,gewinn,verlustrechnung,umgegliederter,gewinn,verlust,œ,realisation,grundgeschäfte,136fremdwährungsrisiken,œ˛127rohsto˜risiken,263als,anpassung,anscha˜ungskosten,erfasster,gewinn,verlust,œ˛1267zinsrisiken,38fremdwährungsrisiken,2rohsto˜risiken,œ˛1307steuerlicher,e˜ekt,rücklagenveränderung,434net,investment,hedge,e˜ektiver,teil,marktwertänderungen,95fremdwährungsrisiken,95verrechnung,währungsanpassungen,œ˛95stand,31122019,2979,sicherung,zinsrisiken,gewinn,verlustrechnung,innerhalb,positionen,finanzerträge,finanzaufwendungen,ausgewiesen,überleitung,veränderung,rücklage,sicherungsbeziehungen,bezogen,verschiede,nen,risikokategorien,bilanziellen,sicherungsbeziehungen,nachfolgend,dargestellt,1an,investoren,2lagebericht,3versicherung,gesetzlichen,vertreter,5weitere,informationen,4konzernabschluss,anhang173,zuge,reform,bestehenden,regime,ermittlung,referenzzinssätzen,sog,ibor,reform,bestehende,referenzzinssätze,deren,ermittlungsmethodiken,alternative,zinssätze,bzw,methodiken,abgelöst,eu,sowie,großbritannien,geschieht,voraussichtlich,31,dezember,2021,allerdings,bestehen,zeitpunkt,erstellung,anhangs,unsicher,heiten,genauen,zeitpunkt,sowie,änderungsumfang,rwe,steuert,prozess,übergangs,neuen,referenzzinssätze,interdisziplinäre,arbeitsgruppe,leitung,bereichs,finanzen,kreditrisiko,mittelpunkt,tätigkeit,stehen,u˛a,ergänzungen,modifikationen,neubewertungen,relevanten,verträge,sowie,technisch,bedingte,systemanpassungen,iborreform,rwekonzern,auswirkungen,bilanzielle,sicherungsbeziehungen,reduktion,zinsrisiken,langfristigen,verbindlichkeiten,dienen,sicherungsbeziehungen,liegen,1monatsgbplibor,sowie,6monatsgbplibor,zugrunde,umfassen,stichtag,nominalvolumen,1366,mio˛•,davon,ausgegangen,übergang,referenzzinssätze,libor,ablösen,ende,jahres,2021,beendigung,betroffenen,sicherungsbeziehungen,erfolgt,rwe,september,2019,veröffentlichten,änderungen,ifrs,9,ia,39,ifrs,7,œ,—interest,rate,benchmark,reformﬁ,ab,1,januar,2020,angewendet,änderungen,sehen,vorüber,gehende,befreiung,spezifische,hedgeaccountinganforderungen,direkt,iborreform,betroffene,sicherungsbeziehungen,anzuwenden,erleichterungen,folge,iborreform,resultierenden,unsicherheiten,grundsätzlich,beendigung,bilanzierung,sicherungsbeziehungen,führen,etwaige,ineffektivitäten,absicherung,weiterhin,gewinn,verlust,erfasst,kreditrisiken,finanz,commoditybereich,unterhält,rwe,kreditbeziehungen,vorwiegend,banken,guter,bonität,handelspartnern,überwiegend,guter,bonität,zusätzlich,rwe,rahmen,großprojekten,œ,bau,windparks,œ,kreditbeziehungen,vorwiegend,banken,geschäftspartnern,guter,bonität,rwe,kontrahentenrisiken,vertragsabschluss,geprüft,rwe,begrenzt,risiken,limite,festgelegt,laufe,geschäftsbeziehung,angepasst,sofern,bonität,geschäftspartnern,ändert,kontrahentenrisiken,kontinuierlich,überwacht,bedarf,frühzeitig,gegenmaßnahmen,eingeleitet,zudem,rwe,kreditrisiken,ausgesetzt,kunden,möglicherweise,zahlungsverpflichtungen,nachkommen,identifizieren,risiken,regelmäßige,analysen,bonität,unserer,kunden,leiten,bedarf,gegenmaßnahmen,aufgrund,coronakrise,wirtschaftliche,situation,viele,unternehmen,verschlechtert,davon,geschäftspartner,kontrahenten,sowie,kunden,rwe,betroffen,rwe,beobachtet,daher,kritische,wirtschaftszweige,intensiver,agiert,größerer,vorsicht,neue,geschäfte,eingegangen,bestehende,geschäfte,verlängert,fall,erforderlich,eingeräumte,limite,gekürzt,kreditrisiken,verringern,verlangt,rwe,u˛a,gewährung,garantien,barsicherheiten,sonstigen,sicherheitsleistungen,außerdem,schließt,rwe,kreditversicherungen,zahlungsausfälle,ab,sicherheiten,erhaltene,bankgarantien,stammen,finanzinstituten,erforderlichen,guten,rating,bewertet,sicherheiten,kreditversicherungen,versicherern,rating,investmentgradebereich,gestellt,maximale,bilanzielle,ausfallrisiko,ergibt,buchwerten,bilanz,angesetzten,finanziellen,vermögenswerte,derivaten,entsprechen,ausfallrisiken,positiven,beizulegenden,zeitwerten,risiken,finanziellen,garantien,kreditzusagen,ergeben,ausfall,bestimmten,schuldners,gegenüber,konzernfremden,gläubigern,einstehen,1an,investoren,2lagebericht,3versicherung,gesetzlichen,vertreter,5weitere,informationen,4konzernabschluss,anhang174,müssen,31,dezember,2020,betrugen,verpflichtungen,163,mio˛•,vorjahr,174,mio˛•,ausfallrisiken,standen,31,dezember,2020,kreditversicherungen,finanzielle,garantien,bank,garantien,sonstige,sicherheitsleistungen,höhe,36,mrd˛•,vorjahr,55,mrd˛•,davon,entfallen,08,mrd˛•,vorjahr,11,mrd˛•,forderungen,lieferungen,leistungen,06,mrd˛•,vorjahr,11,mrd˛•,derivate,sicherungsbeziehungen,22,mrd˛•,vorjahr,33,mrd˛•,sonstige,derivate,weder,geschäftsjahr,2020,vorjahr,bedeutende,ausfälle,verzeichnen,finanziellen,vermögenswerten,risikovorsorge,rwekonzern,grundlage,erwarte,ten,kreditverluste,bestimmt,basis,ausfallwahrscheinlichkeit,verlustquote,forderungshöhe,ausfall,bestimmt,ermittlung,ausfallwahrscheinlichkeit,verlustquote,stützen,historische,daten,zukunftsgerichtete,informationen,forde,rungshöhe,zeitpunkt,ausfalls,finanzieller,vermögenswerte,bruttobuchwert,bilanzstichtag,basis,ermittelte,erwartete,kreditverlust,finanzieller,vermögenswerte,entspricht,ursprünglichen,effektivzinssatz,diskontierten,differenz,vertraglich,vereinbarten,rwe,erwarteten,zahlungen,zuordnung,unten,erläuterten,stufen,einfluss,höhe,erwarteten,verluste,erfassenden,effektiven,zinserträge,ł,stufe,1,œ,erwarteter,zwölfmonatskreditverlust,finanzielle,vermögenswerte,zugang,grundsätzlich,stufe,zugeordnet,œ,ausgenommen,bereits,erwerb,ausgabe,wertgemindert,daher,separat,betrachtet,höhe,wertminderung,ergibt,gesamtlaufzeit,finanzinstruments,erwarteten,zahlungsströmen,multipliziert,wahrscheinlichkeit,ausfalls,innerhalb,zwölf,monaten,bilanzstichtag,bewertung,verwendete,e˜ektivzins,basis,buchwertes,wertminderung,brutto,bestimmt,ł,stufe,2,œ,erwarteter,kreditverlust,gesamtlaufzeit,brutto,ausfallrisiko,zeit,erstansatz,abschlussstichtag,wesentlich,erhöht,˚nanzielle,ver,mögenswert,stufe,zuzuordnen,unterschied,stufe,1,ermittlung,wertminderung,ausfallereignisse,berücksichtigt,denen,erwartet,mehr,zwölf,monate,abschlussstichtag,eintreten,bewertung,verwendete,e˜ektivzins,weiterhin,buchwert,wertminderung,brutto,angewendet,ł,stufe,3,œ,erwarteter,kreditverlust,gesamtlaufzeit,netto,sofern,neben,kriterien,stufe,2,objektiver,hinweis,wertminderung,vorliegt,˚nanzielle,vermögenswert,stufe,3,zuzuordnen,wertminderung,analog,stufe,2,berechnet,jedoch,fall,bewertung,verwendete,e˜ektivzins,buchwert,wertminderung,netto,angewendet,rwekonzern,risikovorsorgen,finanzielle,vermögenswerte,folgenden,kategorien,gebildet,ł,fortgeführten,anscha˜ungskosten,bewertete,fremdkapitalinstrumente,ł,erfolgsneutral,beizulegenden,zeitwert,bewertete,fremdkapitalinstrumente,fremdkapitalinstrumenten,wesentlicher,anstieg,kreditrisikos,seit,erstansatz,vorliegt,risikovorsorge,höhe,erwarteten,zwölfmonatskreditverluste,stufe,1,gebildet,zusätzlich,finanzinstrument,stufe,1,wertminderungsmodells,zugeordnet,absolute,kreditrisiko,bilanzstichtag,gering,kreditrisiko,gering,einge,stuft,interne,externe,rating,schuldners,investmentgradebereich,liegt,forderungen,lieferungen,leistungen,entspricht,risikovorsorge,restlaufzeit,erwarteten,kreditverlusten,stufe,2,festzulegen,finanzinstrument,stufe,2,wertminderungsmodells,zuzuordnen,bilanzstichtag,bestimmt,kreditrisiko,seit,erstmaligen,erfassung,finanzinstruments,wesentlich,erhöht,beurteilung,ziehen,quantitative,qualitative,informationen,heran,erfahrungen,annahmen,künftige,entwicklungen,stützen,besondere,bedeutung,dabei,branche,beigemessen,schuldner,rwekonzerns,tätig,erwartungen,stützen,u˛a,studien,daten,finanz,analysten,staatlichen,stellen,1an,investoren,2lagebericht,3versicherung,gesetzlichen,vertreter,5weitere,informationen,4konzernabschluss,anhang175,besonderes,augenmerk,gilt,dabei,folgenden,entwicklungen,ł,wesentliche,verschlechterung,internen,externen,rating,finanzinstruments,ł,ungünstige,veränderungen,risikoindikatoren,credit,spread,schuldnerbezogenen,credit,default,swap,ł,negative,entwicklungen,regulatorischen,technologischen,wirtschaftlichen,umfeld,schuldners,ł,gefahr,ungünstigen,geschäftsverlaufs,deutlich,verringerten,operativen,erträgen,unabhängig,davon,wesentlicher,anstieg,kreditrisikos,zuordnung,finanzinstruments,stufe,2,angenommen,vertraglich,vereinbarten,zahlungen,mehr,30,tage,überfällig,informationen,vorliegen,annahme,zahlungsausfalls,widerlegen,daten,internen,kreditrisikomanagements,leiten,schlussfolgerungen,möglichen,ausfall,gegenpartei,ab,deuten,interne,externe,informationen,darauf,gegenpartei,verpflichtungen,erfüllen,betreffenden,forderungen,uneinbringlich,eingestuft,stufe,3,wertminderungsmodells,zugeordnet,beispiele,informationen,ł,schuldner,forderung,o˜enkundig,˚nanzielle,schwierigkeiten,ł,schuldner,bereits,vertragsbrüchig,geworden,zahlungen,verspätet,geleistet,ł,kreditnehmer,mussten,bereits,zugeständnisse,gemacht,ł,insolvenz,sonstiges,sanierungsverfahren,droht,ł,markt,˚nanziellen,vermögenswert,mehr,aktiv,ł,verkauf,hohen,abschlag,möglich,verringerte,bonität,schuldners,widerspiegelt,zahlungsausfall,verbundene,zuordnung,finanziellen,vermögenswertes,stufe,3,ebenfalls,angenommen,vertraglich,vereinbarten,zahlungen,mehr,90,tage,überfällig,informationen,vorliegen,annahme,zahlungsausfalls,widerlegen,forderungen,lieferungen,leistungen,gehen,basis,unserer,erfahrungen,i˛d˛r,davon,annahme,einschlägig,finanzieller,vermögenswert,abgeschrieben,hinweise,ernsthaften,finanziellen,schwierigkeiten,gegenpartei,vorliegen,besserung,lage,unwahrscheinlich,falle,abschreibung,ergreifen,möglicherweise,rechtliche,sonstige,maßnahmen,vertraglich,vereinbarten,zahlungen,durchzusetzen,1an,investoren,2lagebericht,3versicherung,gesetzlichen,vertreter,5weitere,informationen,4konzernabschluss,anhang176,wertberichtigung,˙nanzieller,vermögenswerte,mio˛•,stufe,1,œ,erwarteter,zwölfmonats,kreditverlust,stufe,2,œ,erwarteter,kreditverlust,gesamtlaufzeit,stufe,3,œ,erwarteter,kreditverlust,gesamtlaufzeit,summefinanzforderungen,stand,01012020,1131125neubewertung,aufgrund,geänderter,bewertungsparameter,œ5œ5transfer,stufe,2,stufe,1,œ32œ1stand,31122020,61319wertberichtigung,˙nanzieller,vermögenswerte,mio˛•,stufe,1,œ,erwarteter,zwölfmonats,kreditverlust,stufe,2,œ,erwarteter,kreditverlust,gesamtlaufzeit,stufe,3,œ,erwarteter,kreditverlust,gesamtlaufzeit,summefinanzforderungen,stand,01012019,2361140neubewertung,aufgrund,geänderter,bewertungsparameter,44neu,erworbene˛˛ausgegebene,˚nanzielle,vermögenswerte,213zurückgezahlte,ausgebuchte,˚nanzielle,vermögenswerte,œ˛18œ˛18transfer,stufe,2,stufe,1,œ˛4œ˛4stand,31122019,1131125für,folgenden,bilanzposten,ausgewiesenen,finanziellen,vermögenswerte,anwendungs,bereich,ifrs,7,wurden,nachstehenden,wertberichtigungen,vorgenommen,1an,investoren,2lagebericht,3versicherung,gesetzlichen,vertreter,5weitere,informationen,4konzernabschluss,anhang177,forderungen,lieferungen,leistungen,erwartete,kreditverlust,mithilfe,vereinfachten,ansatzes,berücksichtigung,gesamtlaufzeit,finanzinstrumente,ermittelt,rwekonzern,existieren,fälle,denen,aufgrund,gehaltenen,sicherheiten,ansatz,risikovorsorge,forderungen,lieferungen,leistungen,unterblieben,folgenden,tabellen,zeigen,entwicklung,risikovorsorge,forderungen,lieferungen,leistungen,risikovorsorge,forderungen,lieferungen,leistungen,mio˛•,stand,01012020,32zuführung,13änderungen,konsolidierungskreis,œ˛3stand,31122020,42,risikovorsorge,forderungen,lieferungen,leistungen,mio˛•,stand,01012019,27zuführung,9änderungen,konsolidierungskreis,œ˛4stand,31122019,32,1an,investoren,2lagebericht,3versicherung,gesetzlichen,vertreter,5weitere,informationen,4konzernabschluss,anhang178,bruttobuchwerte,˙nanzieller,vermögenswerte,31122020äquivalent,spskala,stufe,1,œ,erwarteter,zwölfmonats,kreditverlust,stufe,2,œ,erwarteter,kreditverlust,gesamtlaufzeit,stufe,3,œ,erwarteter,kreditverlust,gesamtlaufzeit,forderungen,lieferungen,leistungen,summein,mio˛•,klasse,1˛œ˛5,geringes,risiko,aaa,bbbœ,1160042277914421klasse,6˛œ˛9,mittleres,risiko,bb,bbœ5911153223klasse,10,erhöhtes,risiko,b,bœ1985104klasse,11,zweifelhaft,ccc,c,1414klasse,12,verlust,d13738116784212306814800bruttobuchwerte,˙nanzieller,vermögenswerte,31122019äquivalent,spskala,stufe,1,œ,erwarteter,zwölfmonats,kreditverlust,stufe,2,œ,erwarteter,kreditverlust,gesamtlaufzeit,stufe,3,œ,erwarteter,kreditverlust,gesamtlaufzeit,forderungen,lieferungen,leistungen,summein,mio˛•,klasse,1˛œ˛5,geringes,risiko,aaa,bbbœ,726239326110562klasse,6˛œ˛9,mittleres,risiko,bb,bbœ12111295229klasse,10,erhöhtes,risiko,b,bœ431067120klasse,11,zweifelhaft,ccc,c,66klasse,12,verlust,d1363774265013346510954die,folgende,tabelle,stellt,bruttobuchwerte,finanzinstrumente,anwendungsbereich,wertminderungsmodells,dar,1an,investoren,2lagebericht,3versicherung,gesetzlichen,vertreter,5weitere,informationen,4konzernabschluss,anhang179,tilgungs˜˜zinszahlungen,˙nanzielle,verbindlichkeiten,mio˛•,tilgungszahlungen,zinszahlungen,buchwerte,3112202020212022,2025ab,202620212022,2025ab,2026anleihen15492822672711022verbindlichkeiten,gegenüber,kreditinstituten,161185140138526449leasingverbindlichkeiten,1187862639572291404übrige,finanzverbindlichkeiten,113535032447650149472derivative,˚nanzielle,verbindlichkeiten,866178572016052078151sicherheitsleistungen,handelsgeschäfte,716716übrige,sonstige,˚nanzielle,verbindlichkeiten,268726458221,inkl,gemäß,ifrs,fremdkapital,klassi˚zierender,hybridanleihen,berücksichtigung,frühestmöglichen,kündigungszeitpunkts,liquiditätsrisiken,rwekonzerngesellschaften,refinanzieren,i˛d˛r,rwe,ag,besteht,risiko,liquiditätsreserven,ausreichen,finanziellen,verpflichtungen,fristgerecht,erfüllen,jahr,2021,verbindlichkeiten,gegenüber,kreditinstituten,höhe,01,mrd˛•,vorjahr,04,mrd˛•,fällig,zusätzlich,kurzfristige,schulden,begleichen,darüber,hinaus,jahr,2021,weiteren,kapitalmarktschulden,fällig,vorjahr,05,mrd˛•,berücksichti,gung,frühestmöglichen,kündigungszeitpunkts,gemäß,ifrs,fremdkapital,klassifizierenden,hybridanleihe,31,dezember,2020,belief,bestand,flüssigen,mitteln,kurzfristigen,wertpapieren,8993,mio˛•,vorjahr,6450,mio˛•,kreditlinie,rwe,ag,wurde,april,2019,5,mrd˛•,erhöht,darin,enthaltenen,beiden,tranchen,laufen,april,2021,2,mrd˛•,bzw,april,2024,3,mrd˛•,commercialpaper,programm,rwe,ag,wurde,verlauf,jahres,erneuert,erlaubt,emissionen,maximalbetrag,5,mrd˛•,vorjahr,5,mrd˛us,bilanzstichtag,vorjahr,anspruch,genommen,darüber,hinaus,rwe,ag,höhe,10,mrd˛•,rahmen,debtissuanceprogramms,finanzieren,ausstehenden,anleihen,programm,summierten,rwe,ag,bilanzstichtag,0,mrd˛•,vorjahr,0,mrd˛•,mittelfristige,liquiditäts,risiko,daher,rwekonzern,gering,einzustufen,finanziellen,verbindlichkeiten,anwendungsbereich,ifrs,7,ergeben,nächsten,jahren,voraussichtlich,folgenden,diskontierten,zahlungen,1an,investoren,2lagebericht,3versicherung,gesetzlichen,vertreter,5weitere,informationen,4konzernabschluss,anhang180,tilgungs˜˜zinszahlungen,˙nanzielle,verbindlichkeiten,mio˛•,tilgungszahlungen,zinszahlungen,buchwerte,3112201920202021,2024ab,202520202021,2024ab,2025anleihen111105395714411653verbindlichkeiten,gegenüber,kreditinstituten,135639370894239094leasingverbindlichkeiten,1102832447842489200übrige,finanzverbindlichkeiten,2164580032954157164508derivative,˚nanzielle,verbindlichkeiten,1047910092853022264153sicherheitsleistungen,handelsgeschäfte,400400übrige,sonstige,˚nanzielle,verbindlichkeiten,31273123941,inkl,gemäß,ifrs,fremdkapital,klassi˚zierender,hybridanleihen,berücksichtigung,frühestmöglichen,kündigungszeitpunkts,2,angepasste,werte,aufgrund,rückwirkender,anpassung,erstkonsolidierung,übernommenen,eonaktivitäten,siehe,seite,109,anhang,darüber,hinaus,bestanden,31,dezember,2020,finanzielle,garantien,zugunsten,konzernfremder,gläubiger,höhe,insgesamt,110,mio˛•,vorjahr,121,mio˛•,ersten,tilgungsjahr,zuzuordnen,weiteren,konzerngesellschaften,kreditzusagen,konzernfremde,unternehmen,höhe,53,mio˛•,gegeben,vorjahr,53,mio˛•,jahr,2021,abrufbar,weitere,angaben,risiken,rwekonzerns,sowie,zielen,prozessen,risiko,management,finden,seite,69,ff,lagebericht,28,eventualschulden,˙nanzielle,verp˛ichtungen,bestellobligo,erteilten,investitionsaufträgen,belief,31,dezember,2020,2071,mio˛•,vorjahr,1989,mio˛•,dabei,handelt,wesentlichen,investitionen,sachanlagevermögen,beschaffung,brennstoffen,insbesondere,erdgas,langfristige,vertragliche,abnahme,verpflichtungen,eingegangen,zahlungsverpflichtungen,wesentlichen,langfristigen,beschaffungsverträgen,beliefen,31,dezember,2020,236,mrd˛•,vorjahr,271,mrd˛•,wovon,03,mrd˛•,innerhalb,jahres,fällig,vorjahr,03,mrd˛•,gasbeschaffung,rwekonzerns,basiert,teilweise,langfristigen,takeorpayverträgen,konditionen,kontrakte,œ,laufzeiten,reichen,einzelfall,2036,œ,gewissen,abständen,vertragspartnern,nachverhandelt,woraus,änderungen,angegebenen,zahlungsverpflichtungen,ergeben,berechnung,beschaffungsverträgen,resultierenden,zahlungsverpflichtungen,liegen,parameter,internen,planung,zugrunde,weiterhin,rwe,langfristige,finanzielle,verpflichtungen,strombezüge,wesentlichen,bezugsverträgen,resultierenden,mindestzahlungsverpflichtungen,beliefen,31,dezember,2020,71,mrd˛•,vorjahr,71,mrd˛•,davon,03,mrd˛•,innerhalb,jahres,fällig,vorjahr,02,mrd˛•,darüber,hinaus,bestehen,langfristige,bezugs,dienstleistungsverträge,uran,konversion,anreicherung,fertigung,mitgliedschaft,verschiedenen,gesellschaften,u˛a,zusammenhang,kraftwerks,objekten,ergebnisabführungsverträgen,abdeckung,nuklearen,haftpflichtrisikos,bestehen,ergibt,gesetzliche,bzw,vertragliche,haftung,1an,investoren,2lagebericht,3versicherung,gesetzlichen,vertreter,5weitere,informationen,4konzernabschluss,anhang181,segment,wasser˛˛biomasse˛˛gas,geschäft,laufwasser,pumpspeicher,biomasse,gaskraftwerken,gebündelt,zudem,niederländischen,steinkohlekraftwerke,amer,9,eemshaven,denen,zunehmend,biomasse,mitverbrannt,sowie,projektmanagement,ingenieurdienstleistungen,spezialisierte,rwe,technology,international,segment,enthalten,genannten,aktivitäten,rwe,generation,verantwortet,379˛beteiligung,österreichischen,energieversorger,kelag,ebenfalls,segment,wasser˛˛biomasse˛˛gas,ausgewiesenim,segment,energiehandel,energie,rohstoffhandel,vermarktung,absicherung,stromposition,rwekonzerns,sowie,gasmidstreamgeschäft,zusammengefasst,verant,wortet,rwe,supply˛˛trading,große,industrie,geschäftskunden,strom,gas,beliefert,zudem,gehören,gasspeicher,deutschland,tschechien,segment,energiehandel,segment,kohle˛˛kernenergie,umfasst,deutsche,stromerzeugung,energieträgern,braunkohle,steinkohle,kernkraft,sowie,braunkohleförderung,rheinischen,revier,segment,enthält,ferner,anteile,niederländischen,kernkraftwerksbetreiber,epz,30˛,uranit,50˛,33˛,urananreicherung,spezialisierten,urenco,beteiligt,genannten,aktivitäten,beteiligungen,konzerngesellschaften,rwe,power,braunkohle,kernenergie,rwe,generation,steinkohle,zugeordnet,—sonstige,konsolidierungﬁ,rwe,ag,sowie,konsolidierungseffekte,erfasst,ferner,aktivitäten,gesondert,dargestellter,bereiche,gehören,wesentlichen,minder,heitsbeteiligungen,deutschen,stromübertragungsnetzbetreiber,amprion,sowie,eon,wobei,eondividende,finanzergebnis,ausweisen,solidarvereinbarung,rwe,ag,muttergesellschaften,deutschen,kernkraftwerksbetreiber,verpflichtet,haftenden,kernkraftwerksbetreiber,nuklearen,schadensfall,erfüllung,deckungsvorsorge,höhe,rund,2244,mio˛•,finanziell,auszustatten,zahlungsverpflichtungen,nachkommen,vertragsgemäß,beträgt,rwe,ag,entfallende,haftungsanteil,seit,1,januar,2021,37299˛,31,dezember,2020,30452˛,zuzüglich,5˛,schadensabwicklungskosten,rahmen,geschäftsjahr,2016,erfolgten,konzernumstrukturierung,wesentlicher,teil,dahin,holdingbilanzierter,pensionsverpflichtungen,aufhebung,innenverhältnis,bestehen,erfüllungsübernahme,ehemalige,konzerngesellschaften,frühere,tochter,innogy,se,essen,verbundene,unternehmen,übertragen,worden,außenverhältnis,fortbestehenden,schuldbeitrittserklärungen,wurden,gekündigt,konzern,haftet,dahin,erdiente,ansprüche,aktiven,ehemaligen,mitarbeiter,höhe,6404,mio˛•,rwe,ag,tochtergesellschaften,zusammenhang,geschäftsbetrieb,behördliche,regulatorische,kartellrechtliche,verfahren,gerichtsprozesse,schiedsverfahren,involviert,bzw,deren,ergebnissen,betroffen,mitunter,außergerichtliche,ansprüche,geltend,gemacht,rwe,erwartet,dadurch,jedoch,wesentlichen,negativen,auswirkungen,wirtschaftliche,finanzielle,situation,rwekonzerns,29,segmentberichterstattung,rwe,fünf,segmente,untergliedert,funktionalen,kriterien,voneinander,abgegrenzt,segment,offshore,wind,berichten,rwe,renewables,verantwortete,geschäft,windkraftanlagen,meeresstandorten,wichtigsten,erzeugungsstandorte,liegen,großbritanni,en,deutschland,aktivitäten,gebiet,beinhalten,neben,stromproduktion,entwicklung,realisierung,projekten,kapazitätsausbau,segment,onshore,wind˛˛solar,umfasst,aktivitäten,gebiet,windkraft,land,solarenergie,batteriespeicher,liegt,fokus,neben,stromproduktion,kapazitätsausbau,operativ,zuständig,ebenfalls,rwe,renewables,neben,usa,befinden,wichtigsten,erzeugungsstandorte,großbritannien,deutschland,italien,spanien,polen,niederlanden,sowie,photovoltaikanlagen,australien,1an,investoren,2lagebericht,3versicherung,gesetzlichen,vertreter,5weitere,informationen,4konzernabschluss,anhang182,segmentberichterstattung,unternehmensbereiche,2020,mio˛•,o˜shore,windonshore,wind˛˛solarwasser˛,biomasse˛˛gas,energiehandel,sonstige,konsolidierung,kerngeschäft,kohle˛˛,kernenergie,konsoli,dierungrwe,konzern,außenumsatz,inkl,erdgas˜˜stromsteuer,33218551059978971304285413896konzerninnenumsatz,95930431442778˘68033823075˘3457gesamtumsatz,12912159420312567˘6796134243929˘345713896bereinigtes,ebit,69786283496˘2515372341771betriebliches,beteiligung,sergebnis,127953˘5712425695351betriebliches,ergebnis,atequity,bilanzierten,beteiligungen,120˘252612530195396betriebliche,abschreibungen,3723863384311393251464außerplanmäßige,abschreibungen,975616472210971819bereinigtes,ebitda,1069472621539˚2526765593235buchwerte,atequitybilanzierter,beteiligungen,1490193655382931701273297investitionen,immaterielle,vermögenswerte,sachanlagen7561154153432106183˘42285regionen,2020,mio˛•,deutschlandgroß,britannien,übriges,europa,nordamerika,sonstige,rwekonzern,außenumsatz,˛1˛2398839093958114668713688immaterielle,vermögenswerte,sachanlagen,57141081230632953273228151,zahlen,erdgas˛˛stromsteuer,2,aufteilung,entsprechend,region,leistung,erbracht,wurde,1an,investoren,2lagebericht,3versicherung,gesetzlichen,vertreter,5weitere,informationen,4konzernabschluss,anhang183,segmentberichterstattung,unternehmensbereiche,2019,mio˛•,o˜shore,windonshore,wind˛˛solarwasser˛,biomasse˛˛gas,energiehandel,sonstige,konsolidierung,kerngeschäft,kohle˛˛,kernenergie,konsoli,dierungrwe,konzern,außenumsatz,inkl,erdgas˜˜stromsteuer,85126512029689712248102913277konzerninnenumsatz,68227134093267˘69017282385˘3113gesamtumsatz,7671536461112956˘6894129763414˘311313277bereinigtes,ebit,37759342691˘1281341˘741267betriebliches,beteiligungs,ergebnis,321153113222976305betriebliches,ergebnis,atequity,bilanzierten,beteiligungen,1913513413124875323betriebliche,abschreibungen,23723633040˘18423801222außerplanmäßige,abschreibungen,2728377288112167852001bereinigtes,ebitda,614295672731˚12921833062489buchwerte,atequitybilanzierter,beteiligungen,16222307203639321468œ13281investitionen,immaterielle,vermögenswerte,sachanlagen149275221229˘31482281417671,angepasste,vorjahreswerte,ausschließlicher,ausweis,zahlungswirksamer,investitionen,regionen,2019,mio˛•,deutschlandgroßbritannien,übriges,europa,nordamerika,sonstige,rwekonzern,außenumsatz,˛1˛2,3,4840503528529230613125immaterielle,vermögenswerte,sachanlagen,64571019233633500281237931,angepasste,darstellung,aufgrund,austritts,großbritanniens,eu,vorjahreswerte,wurden,entsprechend,angepasst,2,zahlen,erdgas˛˛stromsteuer,3,aufteilung,entsprechend,region,leistung,erbracht,wurde,1an,investoren,2lagebericht,3versicherung,gesetzlichen,vertreter,5weitere,informationen,4konzernabschluss,anhang184,außenumsatz,produkten,2019,mio˛•,o˜shore,windonshore,wind˛˛solarwasser˛˛,biomasse˛˛gas,energiehandel,sonstige,kerngeschäft,kohle˛˛,kernenergie,rwe,konzern,außenumsatz,1285126512009554612110101513125davon,strom,8594367182591995929110250davon,gas,22113411561156davon,sonstige,erlöse,322507161599572417191,zahlen,erdgas˛˛stromsteuer,2,teilweise,angepasste,vorjahreswerte,außenumsatz,produkten,2020,mio˛•,o˜shore,windonshore,wind˛˛solarwasser˛˛,biomasse˛˛gas,energiehandel,sonstige,kerngeschäft,kohle˛˛,kernenergie,rwe,konzern,außenumsatz,133218551056959791284983913688davon,strom,3321676684877511146823311701davon,gas,5529534534davon,sonstige,erlöse,179367293884760614531,zahlen,erdgas˛˛stromsteuer,1an,investoren,2lagebericht,3versicherung,gesetzlichen,vertreter,5weitere,informationen,4konzernabschluss,anhang185,erläuterungen,segmentdaten,innenumsätze,rwekonzerns,weisen,umsätze,segmenten,konzerninterne,lieferungen,leistungen,gleichen,bedingungen,abgerechnet,externen,kunden,bereinigte,ebitda,internen,steuerung,verwendet,folgenden,tabelle,überleitung,bereinigten,ebitda,bereinigten,ebit,ergebnis,fortgeführter,aktivitäten,steuern,dargestellt,überleitung,ergebnisgrößen,mio˛•,20202019bereinigtes,ebitda,32352489œ,betriebliche,abschreibungen,˘1464˘1222bereinigtes,ebit,17711267,neutrales,ergebnis,œ121˘1081,finanzergebnis,˘454˘938ergebnis,fortgeführter,aktivitäten,steuern,1196˚752neutrales,ergebnis,mio˛•,20202019veräußerungsergebnis,1348ergebnise˜ekte,bewertung,derivaten,vorräten,188681sonstige,˘2020˘1210neutrales,ergebnis,œ121˚1081erträge,aufwendungen,betriebswirtschaftlicher,sicht,ungewöhnlich,sondervor,gänge,zurückzuführen,erschweren,beurteilung,laufenden,geschäftstätigkeit,neutrale,ergebnis,umgegliedert,dabei,u˛a,veräußerungsergebnisse,abgang,beteiligungen,betriebsnotwendigen,langfristigen,vermögenswerten,abschrei,bungen,geschäfts,firmenwerte,vollkonsolidierter,unternehmen,sowie,effekte,marktbewertung,bestimmter,derivate,handeln,weitere,ausführungen,neutralen,ergebnis,finden,seite,55,f,lagebericht,30,angaben,kapital˛ussrechnung,kapitalflussrechnung,zahlungsströmen,geschäfts,investitions,finanzierungstätigkeit,gegliedert,betrag,flüssigen,mittel,kapitalflussrechnung,stimmt,bilanz,ausgewiesenen,wert,überein,flüssige,mittel,umfassen,kassenbestände,guthaben,kreditinstituten,kurzfristig,veräußerbare,festverzinsliche,wertpapiere,restlaufzeit,erwerb,drei,monaten,cash,flow,laufender,geschäftstätigkeit,u˛a,enthalten,ł,zins,dividendeneinnahmen,höhe,281,mio˛•,vorjahr,184,mio˛•,zinsausgaben,höhe,299,mio˛•,vorjahr,257,mio˛•,ł,gezahlte,ertragsteuern,abzüglich,erstattungen,höhe,œ72,mio˛•,vorjahr,325,mio˛•,ł,zahlungswirksame,e˜ekte,œ,insbesondere,equitybilanzierung,œ,korrigierte,beteiligungsergebnis,höhe,323,mio˛•,vorjahr,187,mio˛•,mittelveränderungen,erwerb,veräußerung,konsolidierter,gesellschaften,gehen,cash,flow,investitionstätigkeit,effekte,wechselkurs,sonstigen,wertänderungen,gesondert,gezeigt,cash,flow,finanzierungstätigkeit,fortgeführter,aktivitäten,ausschüttungen,rwe,aktionäre,höhe,492,mio˛•,vorjahr,430,mio˛•,ausschüttungen,gesellschafter,höhe,30,mio˛•,vorjahr,51,mio˛•,ausschüttungen,hybridkapitalgeber,höhe,0,mio˛•,vorjahr,61,mio˛•,enthalten,zudem,cash,flow,finanzierungstätigkeit,käufe,höhe,485,mio˛•,vorjahr,86,mio˛•,verkäufe,höhe,562,mio˛•,vorjahr,0,mio˛•,anteilen,tochterunternehmen,sonstigen,geschäftseinheiten,enthalten,wechsel,beherrschungsstatus,führten,1an,investoren,2lagebericht,3versicherung,gesetzlichen,vertreter,5weitere,informationen,4konzernabschluss,anhang186,finanzverbindlichkeitenspiegel,mio˛•,01012020aufnahme˛˛tilgung,änderungen,konsolidierungs,kreises,währungse˜ekte,marktwert,änderungensonstige,veränderungen,31122020kurzfristige,finanzverbindlichkeiten,1689153815˘276˘2341247langfristige,finanzverbindlichkeiten,3924592˘289˘183˘933951sonstige,posten,˘546finanzverbindlichkeitenspiegel,mio˛•,010120191aufnahme˛˛tilgung,änderungen,konsolidierungs,kreises,währungse˜ekte,marktwert,änderungensonstige,veränderungen,31122019kurzfristige,finanzverbindlichkeiten,27879866961˘392137˘67901689langfristige,finanzverbindlichkeiten,2330218246817˘11093924sonstige,posten,4741,inkl,erstanwendungse˜ekt,ifrs,16,höhe,353,mio˛•,2,angepasste,werte,aufgrund,rückwirkender,anpassung,erstkonsolidierung,übernommenen,eonaktivitäten,siehe,seite,109,anhang,zeile,—sonstige,postenﬁ,angegebene,betrag,enthält,zahlungswirksame,änderungen,finanzderivaten,marginzahlungen,innerhalb,kapitalflussrechnung,cash,flow,finanzierungstätigkeit,ausgewiesen,flüssigen,mittel,unterliegen,verfügungsbeschränkungen,höhe,45,mio˛•,vorjahr,51,mio˛•,folgenden,tabelle,veränderungen,verbindlichkeiten,finanzierungstätigkeiten,dargestellt,1an,investoren,2lagebericht,3versicherung,gesetzlichen,vertreter,5weitere,informationen,4konzernabschluss,anhang187,31,beziehungen,nahestehenden,unternehmen,personen,rahmen,normalen,geschäftstätigkeit,unterhalten,rwe,ag,tochtergesellschaften,geschäftsbeziehungen,zahlreichen,unternehmen,gehören,assoziierte,unternehmen,gemeinschaftsunternehmen,nahestehende,unternehmen,konzerns,gelten,kategorie,fallen,insbesondere,wesentliche,atequitybilanzierte,beteiligungen,rwekonzerns,wesentlichen,assoziierten,unternehmen,gemeinschaftsunternehmen,wurden,geschäfte,getätigt,folgenden,abschlussposten,rwe,führten,abschlussposten,geschäften,assoziierten,unternehmen,lagen,wesentlichen,liefer,leistungsbeziehungen,zugrunde,gemeinschaftsunternehmen,gab,neben,betrieblichen,liefer,leistungsbeziehungen,finanzielle,verflechtungen,verzinslichen,ausleihungen,gemeinschaftsunternehmen,resultierten,berichtsjahr,erträge,höhe,0,mio˛•,vorjahr,2,mio˛•,forderungen,gegenüber,gemeinschaftsunternehmen,entfielen,bilanzstichtag,42,mio˛•,finanzforderungen,vorjahr,55,mio˛•,geschäfte,wurden,marktüblichen,bedingungen,abgeschlossen,d˛h,konditionen,geschäfte,unterschieden,grundsätzlich,denen,unternehmen,forderungen,124,mio˛•,vorjahr,108,mio˛•,verbindlichkeiten,162,mio˛•,vorjahr,10,mio˛•,innerhalb,jahres,fällig,sonstigen,verpflichtungen,schwebenden,geschäften,betrugen,112,mio˛•,vorjahr,99,mio˛•,darüber,hinaus,rwekonzern,wesentlichen,geschäfte,nahestehenden,unterneh,men,personen,getätigt,geschäftsjahr,2020,gelten,mitglieder,vorstands,aufsichtsrats,rwe,ag,mitglieder,management,schlüsselpositionen,rwekonzern,vorjahr,schloss,18,september,2019,vorstände,aufsichtsräte,innogy,se,folgenden,angaben,beziehen,gesamtvergütungen,ia,24,management,schlüsselpositionen,vorstände,aufsichtsräte,erhielt,geschäftsjahr,2020,kurzfristige,vergütungsbestandteile,höhe,8357,tsd˛•,vorjahr,16457,tsd˛•,außerdem,betrugen,aktienbasierten,vergütungen,rahmen,ltip,spp,4731,tsd˛•,vorjahr,8386,tsd˛•,dienstzeitaufwand,pensionen,595,tsd˛•,vorjahr,554,tsd˛•,verpflichtungen,management,schlüsselpositionen,insgesamt,32959,tsd˛•,vorjahr,29351,tsd˛•,zurückgestellt,abschlussposten,geschäften,assoziierten,unternehmen,gemeinschaftsunternehmen,mio˛•,assoziierte,unternehmen,gemeinschaftsunternehmen,2020201920202019erträge,32025818274aufwendungen,1871424645forderungen,119884959verbindlichkeiten,1341237271an,investoren,2lagebericht,3versicherung,gesetzlichen,vertreter,5weitere,informationen,4konzernabschluss,anhang188,grundzüge,vergütungssystems,höhe,hgb,ermittelten,vergütung,vorstand,aufsichtsrat,rwe,ag,vergütungsbericht,dargestellt,vergütungsbericht,bestandteil,lageberichts,gesamtvergütung,vorstands,betrug,8501,tsd˛•,vorjahr,7571,tsd˛•,darin,enthalten,aktienbasierte,vergütung,rahmen,ltip,spp,ausgabezeitwert,2934,tsd˛•,111070,rweperformanceshares,vorjahr,wurde,aktienbasierte,vergütung,ausgabezeitwert,2350,tsd˛•,123037,rweperformanceshares,gewährt,bezüge,aufsichtsrats,summierten,inkl,mandatsvergütungen,tochtergesellschaf,ten,geschäftsjahr,2020,2880,tsd˛•,vorjahr,3304,tsd˛•,arbeitnehmervertreter,aufsichtsrat,bestehen,arbeitsverträge,jeweiligen,konzerngesellschaften,auszahlung,vergütungen,folgt,dienstvertraglichen,regelungen,berichtsjahr,wurden,kredite,vorschüsse,mitglieder,vorstands,gewährt,zwei,arbeitnehmervertreter,aufsichtsrat,bestehen,mitarbeiterdarlehen,höhe,2,tsd˛•,ehemalige,mitglieder,vorstands,hinterbliebenen,erhielten,10962,tsd˛•,vorjahr,10623,tsd˛•,davon,671,tsd˛•,vorjahr,651,tsd˛•,tochtergesellschaften,pensionsver,pflichtungen,defined,benefit,obligation,gegenüber,früheren,mitgliedern,vorstands,hinterbliebenen,beliefen,bilanzstichtag,145620,tsd˛•,vorjahr,146568,tsd˛•,davon,entfielen,6925,tsd˛•,vorjahr,6980,tsd˛•,tochtergesellschaften,angaben,mitgliedern,vorstands,aufsichtsrats,anhang,seite,226,ff,aufgeführt,32,honorare,abschlussprüfers,honorare,abschlussprüfungen,beinhalten,entgelte,konzernabschlussprü,fung,prüfung,abschlüsse,rwe,ag,tochterunternehmen,sowie,prüferi,sche,durchsicht,zwischenabschlüssen,bestätigungsleistungen,vergütet,wurden,zählen,prüfung,internen,kontrollsystems,aufwendungen,zusammenhang,gesetzlichen,gerichtlichen,vorgaben,honorare,steuerberatungsleistungen,umfassen,insbesondere,vergütungen,beratung,erstellung,steuererklärungen,sonstigen,nationalen,internationalen,steuerangelegenheiten,sowie,prüfung,steuerbescheiden,sonstigen,leistungen,wesentlichen,vergütungen,beratungen,zusammenhang,maaktivitäten,sowie,itprojekten,enthalten,rwe,dienstleistungen,abschlussprüfer,konzernabschlusses,pricewaterhouse,cooper,gmbh,wirtschaftsprüfungsgesellschaft,pwc,gesellschaften,internationalen,pwcnetzwerks,erbrachten,folgende,honorare,aufwand,erfasst,honorare,pwcnetzwerks,mio˛•,20202019gesamt,davon,deutschlandgesamt,davon,deutschlandabschlussprüfungsleistungen,10758175129andere,bestätigungsleistungen,12102523steuerberatungsleistungen,13020903sonstige,leistungen,25255856157952672111an,investoren,2lagebericht,3versicherung,gesetzlichen,vertreter,5weitere,informationen,4konzernabschluss,anhang189,33,nutzung,befreiungsvorschrift,gemäß,§,264,ab,3,hgb,bzw,§,264b,hgb,folgenden,inländischen,tochtergesellschaften,geschäftsjahr,2020,teilen,befreiungsvorschrift,gemäß,§,264,ab,3,hgb,bzw,§,264b,hgb,gebrauch,gemacht,ł,bge,beteiligungsgesellschaft,energieunternehmen,mbh,essen,ł,gbv,zweiunddreißigste,gesellschaft,beteiligungsverwaltung,mbh,essen,ł,kernkraftwerk,lingen,gesellschaft,beschränkter,haftung,lingen,em,ł,kmg,kernbrennsto˜management,gesellschaft,beschränkter,haftung,essen,ł,rheinbraun,brennsto˜,gmbh,köln,ł,rheinische,bausto˜werke,gmbh,bergheim,ł,rv,rheinbraun,handel,dienstleistungen,gmbh,köln,ł,rwe,nuclear,beteiligungsgmbh,essen,ł,rwe,technology,international,gmbh,essen,ł,rwe,trading,service,gmbh,essen,34,ereignisse,bilanzstichtag,zeitraum,1,januar,2021,aufstellung,konzernabschlusses,5,märz,2021,folgende,wesentliche,ereignisse,eingetreten,verkauf,75˜,anteile,onshorewindparks,stella,cranell,sowie,east,west,raymond,januar,2021,wurde,verkauf,insgesamt,75˛,anteile,drei,onshorewindparks,stella,cranell,sowie,east,raymond,texas,abgeschlossen,dabei,wurden,51˛,anteile,algonquin,power,fund,america,inc,usa,tochtergesellschaft,algonquin,power,utility,corp,kanada,sowie,weitere,24˛,anteile,britische,investmentgesellschaft,greencoat,capital,veräußert,zugrunde,liegenden,verträge,wurden,dezember,2020,unterzeichnet,umfassen,veräußerung,insgesamt,75˛,anteile,onshorewindpark,west,raymond,deren,abschluss,zweiten,quartal,2021,erwartet,windparks,segment,onshore,wind˛˛solar,zugeordnet,abschluss,transaktion,januar,2021,rwe,genannten,windparks,entkonsolidiert,verbleibende,25˛beteili,gung,atequitybeteiligung,bilanziert,rwe,erwartet,veräußerung,gewinn,mittleren,hohen,zweistelligen,millioneneurobereich,rwe,ersteigert,nutzungsrechte,neue,windkraftstandorte,britischen,nordsee,versteigerung,optionsrechten,nutzung,neuer,gebiete,offshorewindparks,rwe,februar,2021,zwei,benachbarte,standorte,britischen,nordsee,gesichert,dürfen,areale,entwicklung,projekten,volumen,3000,mw,nutzen,dafür,müssen,zeit,endgültigen,investitionsentscheidung,optionsprämie,jährlich,82552˛£˛˛mw,zzgl,inflation,zahlen,britische,crown,estate,neuen,standorte,zunächst,umwelt,verträglichkeitsprüfung,vornehmen,positivem,ergebnis,projektentwicklung,beginnen,sobald,erforderlichen,genehmigungen,vorliegen,förderauktion,contract,for,difference,teilnehmen,anschließend,finale,investitionsentscheidung,treffen,stelle,optionsprämie,wesentlich,niedrigere,pachtzahlung,treten,plan,mäßigem,projektfortschritt,dürften,neuen,windparks,ende,jahrzehnts,betrieb,gehen,hohe,ergebniseinbußen,jahrhundertkälte,texas,februar,2021,außergewöhnliche,kältewelle,teilen,usa,massiven,beeinträchtigungen,energieversorgung,geführt,aufgrund,winterstürmen,eisregen,rwe,windparks,texas,mehrere,tage,außer,betrieb,teilweise,strom,anlage,bereits,termin,verkauft,mussten,daher,kurzfristig,spotmarkt,eindecken,lieferverpflichtungen,erfüllen,wegen,angespannten,versorgungslage,regulatorischer,preisvorgaben,mussten,zugekauften,strom,9000,us˛˛mwh,zahlen,führte,segment,onshore,wind˛˛solar,ergebnisbelastungen,niedrigen,mittleren,dreistelligen,millioneneuro,bereich,bund,kernkraftwerksbetreiber,entschädigungen,atomausstieg,bundesregierung,deutschen,kernkraftwerksbetreiber,märz,2021,einvernehmen,entschädigungen,beschleunigten,atomausstieg,erzielt,gespräche,aufgenom,men,worden,bundesverfassungsgericht,ursprünglichen,gesetzlichen,ausgleichsregelungen,unwirksam,erklärt,siehe,seite,39,fall,rwe,geht,nutzbare,erzeugungskon,rtingente,höhe,259,mio,mwh,wertlos,gewordene,investitionen,rund,40,mio,•,bund,ausgleich,höhe,3322,•˛˛mwh,stromkontingente,aussicht,gestellt,außerdem,hälfte,entwerteten,investitionen,erstattet,akzeptieren,gefundene,lösung,steht,allerdings,vorbehalt,umsetzung,entsprechende,gesetzliche,regelungen,öffentlichrechtlichen,vertrag,bund,kraft,werksbetreibern,zudem,beihilfeprüfung,eukommission,erforderlich,einigung,bund,einfluss,konzernabschluss,2020,1an,investoren,2lagebericht,3versicherung,gesetzlichen,vertreter,5weitere,informationen,4konzernabschluss,anhang190,35,erklärung,gemäß,§˜161,aktg,rwe,ag,§,161,aktg,vorgeschriebene,erklärung,deutschen,corporate,governance,kodex,abgegeben,aktionären,website,rwe,ag,1,dauerhaft,öffentlich,zugänglich,gemacht,worden,essen,5,märz,2021,vorstand,schmitz,krebber,müller,seeger1,wwwrwecomentsprechenserklaerung2020,1an,investoren,2lagebericht,3versicherung,gesetzlichen,vertreter,5weitere,informationen,4konzernabschluss,anhang191,47,aufstellung,anteilsbesitzes,teil,anhangs,aufstellung,anteilsbesitzes,gemäß,§˛285,nr,11,nr,11a,§˛313,ab,2,ivm,§˛315,e,ab,1,hgb,31122020,i,verbundene,unternehmen,konzernabschluss,einbezogen,beteiligungsanteil,in˛,eigenkapital,ergebnis,direkt,insgesamt,tsd˛•,tsd˛•,aktivabedrijf,wind,nederland,bv,zwolleniederlande,10010756œ˛14889alte,haase,bergwerksverwaltungsgesellschaft,mbh,dortmund,100œ˛67688œ˛2359amrumo˜shore,west,gmbh,düsseldorf,1002632164990an,suidhe,wind,farm,limited,swindongroßbritannien,10023642662anacacho,holdco,llc,wilmingtonusa,100563630anacacho,wind,farm,llc,wilmingtonusa,1001237061727andromeda,wind,srl,bozenitalien,51100212443avolta,storage,limited,kilkennyirland,100œ˛486œ˛194belectric,australia,pty,limited,melbourneaustralien,1008252148belectric,canada,solar,inc,vancouverkanada,100658668belectric,espana,fotovoltaica,sl,barcelonaspanien,100508œ˛45belectric,france,sàrl,vendresfrankreich,10057611belectric,gmbh,kolitzheim,1000œ˛28139belectric,inversiones,latinoamericana,sl,barcelonaspanien,10032œ˛13belectric,israel,ltd,be™er,schevaisrael,10012141544belectric,italia,srl,latinaitalien,1002725151belectric,photovoltaic,india,private,limited,mumbaiindien,100791160belectric,solar,battery,gmbh,kolitzheim,1003094œ˛7070belectric,solar,ltd,sloughgroßbritannien,10014751441,ergebnisabführungsvertrag,abführungsgesperrte,beträge,2,daten,konzernabschluss,3,neu,jahresabschluss,verfügbar,4,beherrschung,aufgrund,gesellschaftsvertraglicher,vereinbarung,5,maßgeblicher,mittelbare,beteiligungen,6,maßgeblicher,eingrund,gesellschaftsvertraglicher,vereinbarung,1an,investoren,2lagebericht,3versicherung,gesetzlichen,vertreter,5weitere,informationen,4konzernabschluss,aufstellung,anteilsbesitzes,teil,anhangs,192,i,verbundene,unternehmen,konzernabschluss,einbezogen,beteiligungsanteil,in˛,eigenkapital,ergebnis,direkt,insgesamt,tsd˛•,tsd˛•,belectric,solar,power,sl,barcelonaspanien,10013œ˛37bge,beteiligungsgesellschaft,energieunternehmen,mbh,essen,1001002011bilbster,wind,farm,limited,swindongroßbritannien,1003906269blackjack,creek,wind,farm,llc,wilmingtonusa,10000boiling,spring,holdco,llc,wilmingtonusa,10000boiling,spring,wind,farm,llc,wilmingtonusa,10011205œ˛59bruenning™s,breeze,holdco,llc,wilmingtonusa,100629050bruenning™s,breeze,wind,farm,llc,wilmingtonusa,100209819œ˛5700carl,scholl,gmbh,köln,10061433carnedd,wen,wind,farm,limited,swindongroßbritannien,100œ˛4320œ˛216cassadaga,class,b,holding,llc,wilmingtonusa,100187242œ˛4cassadaga,wind,holding,llc,wilmingtonusa,1001872450cassadaga,wind,llc,chicagousa,100118859œ˛52champion,wf,holdco,llc,wilmingtonusa,10097995œ˛5669champion,wind,farm,llc,wilmingtonusa,10097995œ˛5669cloghaneleskirt,energy,supply,limited,kilkennyirland,10037œ˛38colbeck™s,corner,holdco,llc,wilmingtonusa,100637550colbeck™s,corner,llc,wilmingtonusa,100213667œ˛5189cranell,holdco,llc,wilmingtonusa,100576160cranell,wind,farm,llc,wilmingtonusa,10031223œ˛63dotto,morcone,srl,romitalien,100162œ˛377dromadda,beg,wind,farm,limited,kilkennyirland,1002118603edgware,energy,limited,swindongroßbritannien,1001291621,ergebnisabführungsvertrag,abführungsgesperrte,beträge,2,daten,konzernabschluss,3,neu,jahresabschluss,verfügbar,4,beherrschung,aufgrund,gesellschaftsvertraglicher,vereinbarung,5,maßgeblicher,mittelbare,beteiligungen,6,maßgeblicher,eingrund,gesellschaftsvertraglicher,vereinbarung,1an,investoren,2lagebericht,3versicherung,gesetzlichen,vertreter,5weitere,informationen,4konzernabschluss,aufstellung,anteilsbesitzes,teil,anhangs,193,i,verbundene,unternehmen,konzernabschluss,einbezogen,beteiligungsanteil,in˛,eigenkapital,ergebnis,direkt,insgesamt,tsd˛•,tsd˛•,el,algodon,alto,wind,farm,llc,wilmingtonusa,10000electra,insurance,limited,hamiltonbermudas,10025696œ˛2871energies,france,sa,œ,gruppe,œ,vorkonsolidiert,33138œ˛9712,centrale,hydroelectrique,d™oussiat,sa,parisfrankreich,100,energy,charentus,sa,parisfrankreich,100,energy,france,sa,parisfrankreich,100,energy,maintenance,sa,parisfrankreich,100,energy,saint,remy,sa,parisfrankreich,100,energy,var,1,sa,parisfrankreich,100,energy,var,3,sa,parisfrankreich,100,sa,île,de,france,sa,parisfrankreich,100energy,resource,holding,bv,geertruidenbergniederlande,10011311716825energy,resource,venture,bv,geertruidenbergniederlande,10018708œ˛68farma,wiatrowa,barzowice,sp,z,oo,warschaupolen,1002902213681forest,creek,investco,inc,wilmingtonusa,100212990forest,creek,wf,holdco,llc,wilmingtonusa,10075081œ˛4988forest,creek,wind,farm,llc,wilmingtonusa,10075081œ˛4988friœ˛el,anzi,holding,srl,bozenitalien,5170981700friœ˛el,anzi,srl,bozenitalien,10078061928friœ˛el,guardionara,srl,bozenitalien,51108282339gbv,zweiunddreißigste,gesellschaft,beteiligungsverwaltung,mbh,essen,100100178237711generación,fotovoltaica,de,alarcos,slu,barcelonaspanien,10076œ˛92gfv,gesellschaft,vermögensverwaltung,mbh,dortmund,100100133844œ˛14371,ergebnisabführungsvertrag,abführungsgesperrte,beträge,2,daten,konzernabschluss,3,neu,jahresabschluss,verfügbar,4,beherrschung,aufgrund,gesellschaftsvertraglicher,vereinbarung,5,maßgeblicher,mittelbare,beteiligungen,6,maßgeblicher,eingrund,gesellschaftsvertraglicher,vereinbarung,1an,investoren,2lagebericht,3versicherung,gesetzlichen,vertreter,5weitere,informationen,4konzernabschluss,aufstellung,anteilsbesitzes,teil,anhangs,194,i,verbundene,unternehmen,konzernabschluss,einbezogen,beteiligungsanteil,in˛,eigenkapital,ergebnis,direkt,insgesamt,tsd˛•,tsd˛•,glen,kyllachy,wind,farm,limited,swindongroßbritannien,100œ˛4662œ˛4712grandview,holdco,llc,wilmingtonusa,100887010green,gecco,gmbh,co,kg,essen,51732754750hardin,class,b,holding,llc,wilmingtonusa,100921760hardin,wind,holding,llc,wilmingtonusa,10096276œ˛35hardin,wind,llc,chicagousa,10011562320662harryburn,wind,farm,limited,swindongroßbritannien,100œ˛142274hickory,park,solar,llc,wilmingtonusa,100œ˛2344œ˛2508inadale,wind,farm,llc,wilmingtonusa,10041689œ˛1133innogy,indeland,windpark,eschweiler,gmbh,co,kg,eschweiler,51474223359innogy,italia,spa,mailanditalien,100168491083inversiones,belectric,chile,ltda,santiago,de,chilechile,100œ˛38œ˛7158investerg,œ,investimentos,em,energias,sgps,lda,œ,gruppe,œ,vorkonsolidiert,2390036382,investerg,œ,investimentos,em,energias,sociedade,gestora,de,participações,sociais,lda,são,joão,do,estorilportugal,100,lusiterg,œ,gestão,e,produção,energética,lda,são,joão,do,estorilportugal,74kernkraftwerk,lingen,gesellschaft,beschränkter,haftung,lingen,em,100200341kernkraftwerke,lippeems,gesellschaft,beschränkter,haftung,lingen,em,1004322691kernkraftwerksbeteiligung,lippeœ˛ems,beschränkt,haftende,ohg,lingenems,10014443318171kmg,kernbrennsto˜management,gesellschaft,beschränkter,haftung,essen,1006962251knabs,ridge,wind,farm,limited,swindongroßbritannien,100118861118limondale,sun,farm,pty,ltd,melbourneaustralien,100œ˛42917œ˛41013little,cheyne,court,wind,farm,limited,swindongroßbritannien,59358745681miœ˛fonds,g50,frankfurt,main,1001001940959842961,ergebnisabführungsvertrag,abführungsgesperrte,beträge,2,daten,konzernabschluss,3,neu,jahresabschluss,verfügbar,4,beherrschung,aufgrund,gesellschaftsvertraglicher,vereinbarung,5,maßgeblicher,mittelbare,beteiligungen,6,maßgeblicher,eingrund,gesellschaftsvertraglicher,vereinbarung,1an,investoren,2lagebericht,3versicherung,gesetzlichen,vertreter,5weitere,informationen,4konzernabschluss,aufstellung,anteilsbesitzes,teil,anhangs,195,i,verbundene,unternehmen,konzernabschluss,einbezogen,beteiligungsanteil,in˛,eigenkapital,ergebnis,direkt,insgesamt,tsd˛•,tsd˛•,ml,wind,llp,swindongroßbritannien,51667127996munnsville,investco,llc,wilmingtonusa,100131000munnsville,wf,holdco,llc,wilmingtonusa,10034405œ˛1192munnsville,wind,farm,llc,wilmingtonusa,10034405œ˛1192nordsee,windpark,beteiligungs,gmbh,essen,100153187231panther,creek,holdco,llc,wilmingtonusa,1001998220panther,creek,wind,farm,iii,llc,wilmingtonusa,100341560œ˛1545panther,creek,wind,farm,three,llc,wilmingtonusa,10064545œ˛3506park,wiatrowy,dolice,sp,z,oo,warschaupolen,1005262950park,wiatrowy,gaworzyce,sp,z,oo,warschaupolen,10010411195peyton,creek,holdco,llc,wilmingtonusa,100629590peyton,creek,wind,farm,llc,wilmingtonusa,10049644œ˛620piecki,sp,z,oo,warschaupolen,51188262531pioneer,trail,wind,farm,llc,wilmingtonusa,1001489904829primus,projekt,gmbh,co,kg,hannover,100œ˛1921œ˛533pyron,wind,farm,llc,wilmingtonusa,10081539œ˛2076radford™s,run,holdco,llc,wilmingtonusa,1001325980radford™s,run,wind,farm,llc,wilmingtonusa,10040218315266raymond,holdco,llc,wilmingtonusa,100107800raymond,wind,farm,llc,wilmingtonusa,100534700rheinbraun,brennsto˜,gmbh,köln,100826191rheinische,bausto˜werke,gmbh,bergheim,10092361rheinkraftwerk,albbruckœdogern,aktiengesellschaft,waldshutœtiengen,773201617571,ergebnisabführungsvertrag,abführungsgesperrte,beträge,2,daten,konzernabschluss,3,neu,jahresabschluss,verfügbar,4,beherrschung,aufgrund,gesellschaftsvertraglicher,vereinbarung,5,maßgeblicher,mittelbare,beteiligungen,6,maßgeblicher,eingrund,gesellschaftsvertraglicher,vereinbarung,1an,investoren,2lagebericht,3versicherung,gesetzlichen,vertreter,5weitere,informationen,4konzernabschluss,aufstellung,anteilsbesitzes,teil,anhangs,196,i,verbundene,unternehmen,konzernabschluss,einbezogen,beteiligungsanteil,in˛,eigenkapital,ergebnis,direkt,insgesamt,tsd˛•,tsd˛•,rhenas,insurance,limited,sliemamalta,1001005954775rhyl,flat,wind,farm,limited,swindongroßbritannien,5013219813822roscoe,wf,holdco,llc,wilmingtonusa,100147030œ˛10945roscoe,wind,farm,llc,wilmingtonusa,100147030œ˛10945rv,rheinbraun,handel,dienstleistungen,gmbh,köln,100366941rwe,turcas,güney,elektrik,üretim,a,ankaratürkei,70164540œ˛14933rwe,aktiengesellschaft,essen,7825951580251rwe,battery,solution,gmbh,essen,100251rwe,bergheim,windparkbetriebsgesellschaft,mbh,hannover,100251rwe,brise,windparkbetriebsgesellschaft,mbh,hannover,1002261rwe,canada,ltd,saint,johnkanada,10073481œ˛83rwe,eemshaven,holding,ii,bv,geetruidenbergniederlande,100œ˛503514œ˛455118rwe,energie,odnawialne,sp,z,oo,szczecinpolen,10010742950644rwe,energy,service,llc,wilmingtonusa,1005321128rwe,evendorf,windparkbetriebsgesellschaft,mbh,hannover,100251rwe,gas,storage,cz,sro,pragtschechien,10032878525576rwe,gas,storage,west,gmbh,dortmund,1003500871rwe,generation,holding,bv,geertruidenbergniederlande,100œ˛95405œ˛84542rwe,generation,hydro,gmbh,essen,100251rwe,generation,nl,bv,geertruidenbergniederlande,100œ˛254514œ˛234090rwe,generation,nl,personeel,bv,geertruidenbergniederlande,100142211757rwe,generation,se,essen,1001002646731rwe,generation,uk,holding,limited,swindongroßbritannien,10028653111832801,ergebnisabführungsvertrag,abführungsgesperrte,beträge,2,daten,konzernabschluss,3,neu,jahresabschluss,verfügbar,4,beherrschung,aufgrund,gesellschaftsvertraglicher,vereinbarung,5,maßgeblicher,mittelbare,beteiligungen,6,maßgeblicher,eingrund,gesellschaftsvertraglicher,vereinbarung,1an,investoren,2lagebericht,3versicherung,gesetzlichen,vertreter,5weitere,informationen,4konzernabschluss,aufstellung,anteilsbesitzes,teil,anhangs,197,i,verbundene,unternehmen,konzernabschluss,einbezogen,beteiligungsanteil,in˛,eigenkapital,ergebnis,direkt,insgesamt,tsd˛•,tsd˛•,rwe,generation,uk,plc,swindongroßbritannien,1001724080170912rwe,hörup,windparkbetriebsgesellschaft,mbh,hörup,100261rwe,investco,epc,mgmt,llc,wilmingtonusa,100393255œ˛11855rwe,investco,mgmt,ii,llc,wilmingtonusa,1005089943262rwe,investco,mgmt,llc,wilmingtonusa,1001540781œ˛43631rwe,kaskasi,gmbh,hamburg,1001811œ˛288rwe,king,lynn,limited,swindongroßbritannien,100œ˛40658œ˛17304rwe,lengerich,windparkbetriebsgesellschaft,mbh,gersten,100251rwe,limondale,sun,farm,holding,pty,ltd,melbourneaustralien,100œ˛39205œ˛76304rwe,lüneburger,heide,windparkbetriebsgesellschaft,mbh,walsrode,100251rwe,magicat,holdco,llc,wilmingtonusa,100697353440rwe,markinch,limited,swindongroßbritannien,10011119065134rwe,mistral,windparkbetriebsgesellschaft,mbh,hannover,1005781rwe,nuclear,beteiligungsgmbh,essen,100251rwe,nuclear,gmbh,essen,100100112689126891rwe,o˜shore,wind,netherlands,bv,geertruidenbergniederlande,10049œ˛572rwe,personeel,bv,geertruidenbergniederlande,100œ˛98rwe,power,aktiengesellschaft,köln,essen,100100204204348341rwe,renewables,america,llc,wilmingtonusa,100345267œ˛133146rwe,renewables,asset,management,llc,wilmingtonusa,1008813814065rwe,renewables,australia,pty,ltd,melbourneaustralien,100œ˛23œ˛7rwe,renewables,benelux,bv,™shertogenboschniederlande,100œ˛105482œ˛32676rwe,renewables,beteiligungs,gmbh,dortmund,100895016001,ergebnisabführungsvertrag,abführungsgesperrte,beträge,2,daten,konzernabschluss,3,neu,jahresabschluss,verfügbar,4,beherrschung,aufgrund,gesellschaftsvertraglicher,vereinbarung,5,maßgeblicher,mittelbare,beteiligungen,6,maßgeblicher,eingrund,gesellschaftsvertraglicher,vereinbarung,1an,investoren,2lagebericht,3versicherung,gesetzlichen,vertreter,5weitere,informationen,4konzernabschluss,aufstellung,anteilsbesitzes,teil,anhangs,198,i,verbundene,unternehmen,konzernabschluss,einbezogen,beteiligungsanteil,in˛,eigenkapital,ergebnis,direkt,insgesamt,tsd˛•,tsd˛•,rwe,renewables,canada,holding,inc,vancouverkanada,100753œ˛644rwe,renewables,development,llc,wilmingtonusa,10099570œ˛15657rwe,renewables,energy,marketing,australia,pty,ltd,melbourneaustralien,100œ˛3œ˛3rwe,renewables,energy,marketing,llc,wilmingtonusa,100œ˛246449œ˛9097rwe,renewables,gmbh,essen,100110910841rwe,renewables,gym,2,limited,swindongroßbritannien,100œ˛12124562rwe,renewables,gym,3,limited,swindongroßbritannien,100œ˛12126563rwe,renewables,gym,4,limited,swindongroßbritannien,100œ˛342043910rwe,renewables,holdco,bv,geertruidenbergniederlande,100294381œ˛29rwe,renewables,iberia,sau,œ,gruppe,œ,vorkonsolidiert,162287113222,danta,de,energías,sa,soriaspanien,99,explotaciones,eólicas,de,aldehuelas,sl,soriaspanien,95,general,de,mantenimiento,21,slu,barcelonaspanien,100,hidroeléctrica,del,trasvase,sa,barcelonaspanien,60,rwe,renewables,iberia,sau,barcelonaspanien,100rwe,renewables,international,participation,bv,geertruidenbergniederlande,100œ˛114300œ˛114300rwe,renewables,ireland,limited,kilkennyirland,100œ˛5891œ˛2654rwe,renewables,italia,srl,romitalien,10049445130662rwe,renewables,management,uk,limited,swindongroßbritannien,100138042œ˛1rwe,renewables,om,llc,wilmingtonusa,100œ˛330813014rwe,renewables,poland,sp,z,oo,warschaupolen,10024889119748rwe,renewables,qse,llc,wilmingtonusa,100œ˛13528530rwe,renewables,service,llc,wilmingtonusa,100106527œ˛538591,ergebnisabführungsvertrag,abführungsgesperrte,beträge,2,daten,konzernabschluss,3,neu,jahresabschluss,verfügbar,4,beherrschung,aufgrund,gesellschaftsvertraglicher,vereinbarung,5,maßgeblicher,mittelbare,beteiligungen,6,maßgeblicher,eingrund,gesellschaftsvertraglicher,vereinbarung,1an,investoren,2lagebericht,3versicherung,gesetzlichen,vertreter,5weitere,informationen,4konzernabschluss,aufstellung,anteilsbesitzes,teil,anhangs,199,i,verbundene,unternehmen,konzernabschluss,einbezogen,beteiligungsanteil,in˛,eigenkapital,ergebnis,direkt,insgesamt,tsd˛•,tsd˛•,rwe,renewables,sweden,ab,malmöschweden,100551439540rwe,renewables,uk,blyth,limited,coventrygroßbritannien,100570œ˛66rwe,renewables,uk,development,limited,coventrygroßbritannien,1006933116251rwe,renewables,uk,holding,limited,swindongroßbritannien,100174474679459rwe,renewables,uk,humber,wind,limited,coventrygroßbritannien,5116252952747rwe,renewables,uk,limited,coventrygroßbritannien,1007352612298rwe,renewables,uk,london,array,limited,coventrygroßbritannien,10011147715521rwe,renewables,uk,o˜shore,wind,limited,coventrygroßbritannien,100544725347rwe,renewables,uk,operation,limited,coventrygroßbritannien,100374315464rwe,renewables,uk,robin,rigg,east,limited,coventrygroßbritannien,1007296220987rwe,renewables,uk,robin,rigg,west,limited,coventrygroßbritannien,1006852710960rwe,renewables,uk,swindon,limited,swindongroßbritannien,1002274519150823rwe,renewables,uk,wind,limited,coventrygroßbritannien,1002528210202rwe,renewables,uk,zone,six,limited,coventrygroßbritannien,10000rwe,renouvelables,france,sa,la,plaine,st,denisfrankreich,10079136œ˛2rwe,seabreeze,ii,gmbh,co,kg,essen,10046397œ˛1655rwe,slovak,holding,bv,geertruidenbergniederlande,100100704084œ˛316rwe,solar,development,llc,wilmingtonusa,10045224œ˛8031rwe,solar,nc,lessee,llc,wilmingtonusa,10013647œ˛65rwe,solar,nc,pledgor,llc,wilmingtonusa,100137080rwe,solar,pv,llc,wilmingtonusa,100157648œ˛2906rwe,sommerland,windparkbetriebsgesellschaft,mbh,sommerland,100261rwe,süderdeich,windparkbetriebsgesellschaft,mbh,süderdeich,10010611,ergebnisabführungsvertrag,abführungsgesperrte,beträge,2,daten,konzernabschluss,3,neu,jahresabschluss,verfügbar,4,beherrschung,aufgrund,gesellschaftsvertraglicher,vereinbarung,5,maßgeblicher,mittelbare,beteiligungen,6,maßgeblicher,eingrund,gesellschaftsvertraglicher,vereinbarung,1an,investoren,2lagebericht,3versicherung,gesetzlichen,vertreter,5weitere,informationen,4konzernabschluss,aufstellung,anteilsbesitzes,teil,anhangs,200,i,verbundene,unternehmen,konzernabschluss,einbezogen,beteiligungsanteil,in˛,eigenkapital,ergebnis,direkt,insgesamt,tsd˛•,tsd˛•,rwe,supply,trading,asiaœ˛paci˚c,pte,ltd,singapursingapur,1004047610476rwe,supply,trading,cz,a,pragtschechien,10033084579983rwe,supply,trading,gmbh,essen,1001004467781rwe,supply,trading,india,private,limited,mumbaiindien,100817107rwe,supply,trading,participation,limited,londongroßbritannien,1001339210087rwe,supply,and,trading,shanghai,co,ltd,shanghaichina,1008123œ˛1101rwe,technology,international,gmbh,essen,100124631rwe,technology,tasarim,ve,mühendislik,danismanlik,ticaret,limited,sirketi,istanbultürkei,100641rwe,technology,uk,limited,swindongroßbritannien,1001999325rwe,titz,windparkbetriebsgesellschaft,mbh,essen,100251rwe,trading,america,inc,new,york,cityusa,1009468768rwe,trading,service,gmbh,essen,10057351rwe,wind,karehamn,ab,malmöschweden,10034319œ˛187rwe,wind,onshore,deutschland,gmbh,hannover,100776601rwe,wind,service,denmark,a,rødbydänemark,10084365692rwe,windpark,bedburg,gmbh,co,kg,bedburg,5175613510rwe,windpark,garzweiler,gmbh,co,kg,essen,5113412œ˛84rwe,windparks,deutschland,gmbh,essen,100241rwe,windpower,netherlands,bv,™sœ˛hertogenboschniederlande,10047613602rwest,middle,east,holding,bv,™sœ˛hertogenboschniederlande,100965433559sand,blu˜,wf,holdco,llc,wilmingtonusa,100œ˛1973œ˛8828sand,blu˜,wind,farm,llc,wilmingtonusa,100œ˛1882œ˛8697settlers,trail,wind,farm,llc,wilmingtonusa,100162819œ˛118201,ergebnisabführungsvertrag,abführungsgesperrte,beträge,2,daten,konzernabschluss,3,neu,jahresabschluss,verfügbar,4,beherrschung,aufgrund,gesellschaftsvertraglicher,vereinbarung,5,maßgeblicher,mittelbare,beteiligungen,6,maßgeblicher,eingrund,gesellschaftsvertraglicher,vereinbarung,1an,investoren,2lagebericht,3versicherung,gesetzlichen,vertreter,5weitere,informationen,4konzernabschluss,aufstellung,anteilsbesitzes,teil,anhangs,201,i,verbundene,unternehmen,konzernabschluss,einbezogen,beteiligungsanteil,in˛,eigenkapital,ergebnis,direkt,insgesamt,tsd˛•,tsd˛•,so˚a,o˜shore,wind,farm,holding,limited,swindongroßbritannien,10000so˚a,o˜shore,wind,farm,limited,swindongroßbritannien,100œ˛389œ˛16solar,holding,india,gmbh,kolitzheim,1005926œ˛7solar,holding,poland,gmbh,kolitzheim,10016œ˛2solarengo,energia,unipessoal,lda,cascaisportugal,100œ˛151œ˛70srs,ecotherm,gmbh,salzbergen,90171943435stella,holdco,llc,wilmingtonusa,100833080stella,wind,farm,llc,wilmingtonusa,100207716œ˛1961taber,solar,1,inc,vancouverkanada,1008890œ˛66taber,solar,2,inc,vancouverkanada,1009534œ˛62tamworth,holding,llc,raleighusa,1007367œ˛2tanager,holding,llc,raleighusa,10068913tech,park,solar,llc,wilmingtonusa,10017617686the,holly,wind,farm,limited,swindongroßbritannien,100528œ˛44triton,knoll,holdco,limited,swindongroßbritannien,59922540triton,knoll,o˜shore,wind,farm,limited,swindongroßbritannien,100œ˛94320œ˛511valencia,solar,llc,tucsonusa,100175941281vela,wind,holdco,llc,wilmingtonusa,1001380430west,of,the,pecos,holdco,llc,wilmingtonusa,100878110west,of,the,pecos,solar,llc,wilmingtonusa,100124904œ˛5948west,raymond,holdco,llc,wilmingtonusa,100287480west,raymond,wind,farm,llc,wilmingtonusa,100605770wind,farm,deliceto,srl,bozenitalien,1002555824551,ergebnisabführungsvertrag,abführungsgesperrte,beträge,2,daten,konzernabschluss,3,neu,jahresabschluss,verfügbar,4,beherrschung,aufgrund,gesellschaftsvertraglicher,vereinbarung,5,maßgeblicher,mittelbare,beteiligungen,6,maßgeblicher,eingrund,gesellschaftsvertraglicher,vereinbarung,1an,investoren,2lagebericht,3versicherung,gesetzlichen,vertreter,5weitere,informationen,4konzernabschluss,aufstellung,anteilsbesitzes,teil,anhangs,202,i,verbundene,unternehmen,konzernabschluss,einbezogen,beteiligungsanteil,in˛,eigenkapital,ergebnis,direkt,insgesamt,tsd˛•,tsd˛•,windpark,eekerpolder,bv,™sœ˛hertogenboschniederlande,100œ˛196œ˛194windpark,kattenberg,bv,™sœ˛hertogenboschniederlande,100765245windpark,nordsee,ost,gmbh,helgoland,1002561windpark,oostpolderdijk,bv,™sœ˛hertogenboschniederlande,100œ˛3030windpark,zuidwester,bv,™sœ˛hertogenboschniederlande,1008748œ˛588wkn,windkraft,nord,gmbh,co,windpark,wönkhausen,kg,hannover,10021981821,ergebnisabführungsvertrag,abführungsgesperrte,beträge,2,daten,konzernabschluss,3,neu,jahresabschluss,verfügbar,4,beherrschung,aufgrund,gesellschaftsvertraglicher,vereinbarung,5,maßgeblicher,mittelbare,beteiligungen,6,maßgeblicher,eingrund,gesellschaftsvertraglicher,vereinbarung,1an,investoren,2lagebericht,3versicherung,gesetzlichen,vertreter,5weitere,informationen,4konzernabschluss,aufstellung,anteilsbesitzes,teil,anhangs,203,ii,verbundene,unternehmen,wegen,untergeordneter,bedeutung,vermögens,finanzœ˜,ertragslage,konzerns,konzernabschluss,einbezogen,beteiligungsanteil,in˛,eigenkapital,ergebnis,direkt,insgesamt,tsd˛•,tsd˛•,adensis,gmbh,dresden,100872322agenzia,carboni,srl,genuaitalien,10020716aktiebolaget,grundstenen,167184,malmöschweden,1003alcamo,ii,srl,mailanditalien,10025œ˛11alvarado,solar,sl,barcelonaspanien,10015œ˛11ashwood,solar,i,llc,wilmingtonusa,10000auzoberri,desarrollo,slu,barasoainspanien,1002œ˛232azagra,energy,quel,slu,barasoainspanien,1001œ˛383baltic,trade,and,invest,sp,z,oo,slupskpolen,1009309œ˛5135baron,wind,ii,llc,chicagousa,10000baron,wind,llc,chicagousa,10000belectric,international,gmbh,kolitzheim,100159œ˛496belectric,jv,gmbh,kolitzheim,10053œ˛2belectric,mexico,fotovoltaica,sde,rl,de,cv,bosques,de,la,lomasmexiko,100œ˛24œ˛19belectric,polska,sp,z,oo,warschaupolen,100œ˛136œ˛42belectric,sp,solarprojekte,17,gmbh,co,kg,kolitzheim,1003belectric,sp,solarprojekte,18,gmbh,co,kg,kolitzheim,1003belectric,sp,solarprojekte,19,gmbh,co,kg,kolitzheim,1003belectric,sp,solarprojekte,20,gmbh,co,kg,kolitzheim,1003benbrack,wind,farm,limited,swindongroßbritannien,1003big,star,solar,llc,wilmingtonusa,10000blackbeard,solar,llc,wilmingtonusa,10000blackbriar,battery,llc,wilmingtonusa,100001,ergebnisabführungsvertrag,abführungsgesperrte,beträge,2,daten,konzernabschluss,3,neu,jahresabschluss,verfügbar,4,beherrschung,aufgrund,gesellschaftsvertraglicher,vereinbarung,5,maßgeblicher,mittelbare,beteiligungen,6,maßgeblicher,eingrund,gesellschaftsvertraglicher,vereinbarung,1an,investoren,2lagebericht,3versicherung,gesetzlichen,vertreter,5weitere,informationen,4konzernabschluss,aufstellung,anteilsbesitzes,teil,anhangs,204,ii,verbundene,unternehmen,wegen,untergeordneter,bedeutung,vermögens,finanzœ˜,ertragslage,konzerns,konzernabschluss,einbezogen,beteiligungsanteil,in˛,eigenkapital,ergebnis,direkt,insgesamt,tsd˛•,tsd˛•,blueberry,hill,llc,chicagousa,10000bo,baltic,o˜shore,gmbh,hamburg,989œ˛4bowler,flat,energy,hub,llc,chicagousa,10000bright,arrow,solar,llc,wilmingtonusa,10000buckeye,wind,llc,chicagousa,10000burgar,hill,wind,farm,limited,swindongroßbritannien,10000bursjöliden,vind,ab,malmöschweden,1005850camaiore,sp,z,oo,warschaupolen,1003camellia,solar,llc,wilmingtonusa,10000camellia,solar,member,llc,wilmingtonusa,10000cardinal,wind,farm,llc,wilmingtonusa,10000carmagnola,sp,z,oo,warschaupolen,1003casarano,sp,z,oo,warschaupolen,1003casey,fork,solar,llc,wilmingtonusa,10000cattleman,wind,farm,ii,llc,wilmingtonusa,10000cattleman,wind,farm,llc,wilmingtonusa,10000cecina,sp,z,oo,warschaupolen,1003cercola,sp,z,oo,warschaupolen,1003cerignola,sp,z,oo,warschaupolen,1003champaign,wind,llc,chicagousa,10000ciriè,centrale,pv,sa,srl,romitalien,100œ˛40clavellinas,solar,sl,barcelonaspanien,10014œ˛10climagy,photovoltaikprojekt,verwaltungsœ˛gmbh,kolitzheim,10028œ˛11,ergebnisabführungsvertrag,abführungsgesperrte,beträge,2,daten,konzernabschluss,3,neu,jahresabschluss,verfügbar,4,beherrschung,aufgrund,gesellschaftsvertraglicher,vereinbarung,5,maßgeblicher,mittelbare,beteiligungen,6,maßgeblicher,eingrund,gesellschaftsvertraglicher,vereinbarung,1an,investoren,2lagebericht,3versicherung,gesetzlichen,vertreter,5weitere,informationen,4konzernabschluss,aufstellung,anteilsbesitzes,teil,anhangs,205,ii,verbundene,unternehmen,wegen,untergeordneter,bedeutung,vermögens,finanzœ˜,ertragslage,konzerns,konzernabschluss,einbezogen,beteiligungsanteil,in˛,eigenkapital,ergebnis,direkt,insgesamt,tsd˛•,tsd˛•,climagy,pvœ˛sonnenanlage,gmbh,co,kg,kolitzheim,1000œ˛2climagy,pvœ˛sonnenanlage,verwaltungsœ˛gmbh,kolitzheim,100290climagy,sonnenkraft,verwaltungsœ˛gmbh,kolitzheim,10026œ˛1climagy,stromertrag,gmbh,co,kg,kolitzheim,100œ˛20œ˛2climagy,stromertrag,verwaltungsœ˛gmbh,kolitzheim,100280clinton,wind,llc,wilmingtonusa,10000clocaenog,wind,farm,limited,swindongroßbritannien,10000cordeneos,sp,z,oo,warschaupolen,1003cordova,wind,farm,llc,wilmingtonusa,10000cormano,sp,z,oo,warschaupolen,1003cremona,sp,z,oo,warschaupolen,1003curns,energy,limited,kilkennyirland,70œ˛643œ˛142decadia,gmbh,essen,10010022901398e,z,industrieœ˛lösungen,gmbh,essen,100180741200ekoœ˛en,1,sp,z,oo,warschaupolen,10024œ˛69ekoœ˛en,2,sp,z,oo,warschaupolen,100417œ˛98ekoœ˛en,3,sp,z,oo,warschaupolen,10080œ˛46ekoœ˛en,4,sp,z,oo,warschaupolen,100447œ˛53ekoœ˛en,5,sp,z,oo,warschaupolen,1004œ˛2el,navajo,solar,sl,barcelonaspanien,1006œ˛4enchant,solar,3,inc,vancouverkanada,10000enchant,solar,4,inc,vancouverkanada,10000eólica,de,sarnago,sa,soriaspanien,521583œ˛171,ergebnisabführungsvertrag,abführungsgesperrte,beträge,2,daten,konzernabschluss,3,neu,jahresabschluss,verfügbar,4,beherrschung,aufgrund,gesellschaftsvertraglicher,vereinbarung,5,maßgeblicher,mittelbare,beteiligungen,6,maßgeblicher,eingrund,gesellschaftsvertraglicher,vereinbarung,1an,investoren,2lagebericht,3versicherung,gesetzlichen,vertreter,5weitere,informationen,4konzernabschluss,aufstellung,anteilsbesitzes,teil,anhangs,206,ii,verbundene,unternehmen,wegen,untergeordneter,bedeutung,vermögens,finanzœ˜,ertragslage,konzerns,konzernabschluss,einbezogen,beteiligungsanteil,in˛,eigenkapital,ergebnis,direkt,insgesamt,tsd˛•,tsd˛•,everpower,maine,llc,chicagousa,10000everpower,ohio,llc,chicagousa,10000everpower,solar,llc,chicagousa,10000everpower,wind,development,llc,chicagousa,10000extension,parc,eolien,de,l™epine,marie,madeleine,sa,parisfrankreich,1001œ˛28extension,parc,eolien,nouvions,sa,parisfrankreich,10029œ˛2extension,parc,eolien,douiche,sa,parisfrankreich,1009œ˛3farma,wiatrowa,rozdrazew,sp,z,oo,warschaupolen,100œ˛632œ˛136fifth,standard,solar,pv,llc,wilmingtonusa,10000flatlands,wind,farm,llc,wilmingtonusa,10000flexilis,power,limited,kilkennyirland,1000œ˛1florida,solar,and,power,group,llc,wilmingtonusa,10000frazier,solar,llc,wilmingtonusa,10000gazules,i,fotovoltaica,sl,barcelonaspanien,10041œ˛24gazules,ii,solar,sl,barcelonaspanien,10012œ˛24gbv,achtunddreißigste,gesellschaft,beteiligungsverwaltung,mbh,essen,100251gbv,dreiunddreißigste,gesellschaft,beteiligungsverwaltung,mbh,essen,100100251gbv,einunddreißigste,gesellschaft,beteiligungsverwaltung,mbh,essen,100100301gbv,sechsunddreißigste,gesellschaft,beteiligungsverwaltung,mbh,essen,100251gbv,siebenunddreißigste,gesellschaft,beteiligungsverwaltung,mbh,essen,100251gbv,siebte,gesellschaft,beteiligungsverwaltung,mbh,essen,1001001generación,fotovoltaica,castellano,manchega,sl,murciaspanien,10036œ˛29generación,fotovoltaica,puerta,del,sol,slu,murciaspanien,100301,ergebnisabführungsvertrag,abführungsgesperrte,beträge,2,daten,konzernabschluss,3,neu,jahresabschluss,verfügbar,4,beherrschung,aufgrund,gesellschaftsvertraglicher,vereinbarung,5,maßgeblicher,mittelbare,beteiligungen,6,maßgeblicher,eingrund,gesellschaftsvertraglicher,vereinbarung,1an,investoren,2lagebericht,3versicherung,gesetzlichen,vertreter,5weitere,informationen,4konzernabschluss,aufstellung,anteilsbesitzes,teil,anhangs,207,ii,verbundene,unternehmen,wegen,untergeordneter,bedeutung,vermögens,finanzœ˜,ertragslage,konzerns,konzernabschluss,einbezogen,beteiligungsanteil,in˛,eigenkapital,ergebnis,direkt,insgesamt,tsd˛•,tsd˛•,goole,field,ii,wind,farm,limited,swindongroßbritannien,10000grandview,wind,farm,iii,llc,wilmingtonusa,10000grandview,wind,farm,iv,llc,wilmingtonusa,10000grandview,wind,farm,v,llc,wilmingtonusa,10000green,gecco,verwaltungs,gmbh,essen,51371haube,wind,sp,z,oo,slupskpolen,100163œ˛76highland,iii,llc,chicagousa,10000horse,thief,wind,project,llc,chicagousa,10000indi,energie,bv,™shertogenboschniederlande,100œ˛13œ˛60indi,solarœ˛projects,1,bv,utrechtniederlande,1007œ˛31infraestructuras,de,aldehuelas,sa,barcelonaspanien,1004280infrastrukturgesellschaft,netz,lübz,beschränkter,haftung,hannover,10018œ˛24iron,horse,battery,storage,llc,wilmingtonusa,1009689œ˛306jerez,fotovoltaica,sl,barcelonaspanien,10016œ˛23jugondo,desarrollo,slu,barasoainspanien,1001œ˛1186kasson,manteca,solar,llc,wilmingtonusa,10000kieswerk,kaarst,gmbh,co,kg,bergheim,512899700kieswerk,kaarst,verwaltungs,gmbh,bergheim,51310kiln,pit,hill,wind,farm,limited,swindongroßbritannien,10000lake,fork,wind,farm,llc,wilmingtonusa,10000lampasas,wind,llc,chicagousa,10000las,vaguadas,i,fotovoltaica,sl,barcelonaspanien,100155œ˛61las,vaguadas,ii,solar,sl,barcelonaspanien,10012œ˛61,ergebnisabführungsvertrag,abführungsgesperrte,beträge,2,daten,konzernabschluss,3,neu,jahresabschluss,verfügbar,4,beherrschung,aufgrund,gesellschaftsvertraglicher,vereinbarung,5,maßgeblicher,mittelbare,beteiligungen,6,maßgeblicher,eingrund,gesellschaftsvertraglicher,vereinbarung,1an,investoren,2lagebericht,3versicherung,gesetzlichen,vertreter,5weitere,informationen,4konzernabschluss,aufstellung,anteilsbesitzes,teil,anhangs,208,ii,verbundene,unternehmen,wegen,untergeordneter,bedeutung,vermögens,finanzœ˜,ertragslage,konzerns,konzernabschluss,einbezogen,beteiligungsanteil,in˛,eigenkapital,ergebnis,direkt,insgesamt,tsd˛•,tsd˛•,lochelbank,wind,farm,limited,swindongroßbritannien,10000lorg,wind,farm,limited,swindongroßbritannien,1003mahanoy,mountain,llc,chicagousa,10000major,wind,farm,llc,wilmingtonusa,10000march,road,solar,llc,wilmingtonusa,10000maricopa,east,solar,pv,2,llc,wilmingtonusa,10000maricopa,east,solar,pv,llc,wilmingtonusa,10000maricopa,land,holding,llc,wilmingtonusa,10000maricopa,west,solar,pv,2,llc,wilmingtonusa,10000maryland,sunlight,1,llc,wilmingtonusa,10000mason,dixon,wind,llc,chicagousa,10000morska,farma,wiatrowa,antares,sp,z,oo,warschaupolen,10084œ˛12mud,spring,wind,project,llc,chicagousa,10000muñegre,desarrollo,slu,barasoainspanien,1002œ˛201nordex,energy,juda,slu,barasoainspanien,1001œ˛359northern,orchard,solar,pv,2,llc,wilmingtonusa,10000northern,orchard,solar,pv,3,llc,wilmingtonusa,10000northern,orchard,solar,pv,llc,wilmingtonusa,10000nouvions,poste,de,raccordement,sa,parisfrankreich,100œ˛2œ˛2novar,two,wind,farm,limited,swindongroßbritannien,10000o˜shoreœ˛windpark,delta,nordsee,gmbh,hamburg,1002461ohio,sunlight,1,llc,wilmingtonusa,10000oranje,wind,power,bv,™shertogenboschniederlande,100001,ergebnisabführungsvertrag,abführungsgesperrte,beträge,2,daten,konzernabschluss,3,neu,jahresabschluss,verfügbar,4,beherrschung,aufgrund,gesellschaftsvertraglicher,vereinbarung,5,maßgeblicher,mittelbare,beteiligungen,6,maßgeblicher,eingrund,gesellschaftsvertraglicher,vereinbarung,1an,investoren,2lagebericht,3versicherung,gesetzlichen,vertreter,5weitere,informationen,4konzernabschluss,aufstellung,anteilsbesitzes,teil,anhangs,209,ii,verbundene,unternehmen,wegen,untergeordneter,bedeutung,vermögens,finanzœ˜,ertragslage,konzerns,konzernabschluss,einbezogen,beteiligungsanteil,in˛,eigenkapital,ergebnis,direkt,insgesamt,tsd˛•,tsd˛•,oranje,wind,power,cv,™shertogenboschniederlande,10000orcoien,energy,orcoien,slu,barasoainspanien,10013œ˛215owen,prairie,wind,farm,llc,wilmingtonusa,10000painter,energy,storage,llc,wilmingtonusa,10000panther,creek,solar,llc,wilmingtonusa,10000parc,eolien,101,sa,parisfrankreich,1003parc,eolien,102,sa,parisfrankreich,1003parc,eolien,103,sa,parisfrankreich,1003parc,eolien,104,sa,parisfrankreich,1003parc,eolien,105,sa,parisfrankreich,1003parc,eolien,106,sa,parisfrankreich,1003parc,eolien,107,sa,parisfrankreich,1003parc,eolien,108,sa,parisfrankreich,1003parc,eolien,109,sa,parisfrankreich,1003parc,eolien,110,sa,parisfrankreich,1003parc,eolien,d™allerey,sa,parisfrankreich,100œ˛23œ˛48parc,eolien,de,beg,ar,c™hra,sa,parisfrankreich,10028œ˛2parc,eolien,de,canny,sa,parisfrankreich,10035œ˛2parc,eolien,de,catillonfumechon,sa,parisfrankreich,10028œ˛2parc,eolien,de,foissysurvanne,sa,parisfrankreich,10035œ˛2parc,eolien,de,ganochaud,sa,parisfrankreich,10023œ˛3parc,eolien,de,la,brie,nangissienne,sa,parisfrankreich,10027œ˛2parc,eolien,de,la,butte,aux,chiens,sa,parisfrankreich,10029œ˛21,ergebnisabführungsvertrag,abführungsgesperrte,beträge,2,daten,konzernabschluss,3,neu,jahresabschluss,verfügbar,4,beherrschung,aufgrund,gesellschaftsvertraglicher,vereinbarung,5,maßgeblicher,mittelbare,beteiligungen,6,maßgeblicher,eingrund,gesellschaftsvertraglicher,vereinbarung,1an,investoren,2lagebericht,3versicherung,gesetzlichen,vertreter,5weitere,informationen,4konzernabschluss,aufstellung,anteilsbesitzes,teil,anhangs,210,ii,verbundene,unternehmen,wegen,untergeordneter,bedeutung,vermögens,finanzœ˜,ertragslage,konzerns,konzernabschluss,einbezogen,beteiligungsanteil,in˛,eigenkapital,ergebnis,direkt,insgesamt,tsd˛•,tsd˛•,parc,eolien,de,la,cabane,blanche,sa,parisfrankreich,10025œ˛3parc,eolien,de,la,croix,blanche,sa,parisfrankreich,10029œ˛2parc,eolien,de,la,jarrieaudouin,sa,parisfrankreich,10035œ˛2parc,eolien,de,la,plaine,de,beaulieu,sa,parisfrankreich,10035œ˛2parc,eolien,de,la,voie,corette,sa,parisfrankreich,100œ˛57œ˛39parc,eolien,de,langeron,sa,parisfrankreich,10024œ˛3parc,eolien,de,l™avre,sa,parisfrankreich,10025œ˛2parc,eolien,de,luçaylelibre,et,de,giroux,sa,parisfrankreich,10024œ˛4parc,eolien,de,martinpuich,sa,parisfrankreich,1005œ˛6parc,eolien,de,mesbrecourtrichecourt,sa,parisfrankreich,10035œ˛2parc,eolien,de,nuisement,et,cheniers,sa,parisfrankreich,10035œ˛2parc,eolien,de,soudron,sa,parisfrankreich,10035œ˛2parc,eolien,de,villeneuve,minervois,sa,parisfrankreich,10035œ˛2parc,eolien,ailes,gótinâis,sa,parisfrankreich,10035œ˛2parc,eolien,grand,lazards,sa,parisfrankreich,10028œ˛2parc,eolien,hautsbouleaux,sa,parisfrankreich,100œ˛75œ˛38parc,eolien,nouvions,sa,parisfrankreich,100œ˛103œ˛58parc,eolien,raisinières,sa,parisfrankreich,10036œ˛1parc,eolien,balinot,sa,parisfrankreich,10028œ˛2parc,eolien,ban,saintjean,sa,parisfrankreich,10027œ˛2parc,eolien,bocage,sa,parisfrankreich,100œ˛77œ˛38parc,eolien,catesis,sa,parisfrankreich,100œ˛2œ˛26parc,eolien,champ,madame,sa,parisfrankreich,10035œ˛21,ergebnisabführungsvertrag,abführungsgesperrte,beträge,2,daten,konzernabschluss,3,neu,jahresabschluss,verfügbar,4,beherrschung,aufgrund,gesellschaftsvertraglicher,vereinbarung,5,maßgeblicher,mittelbare,beteiligungen,6,maßgeblicher,eingrund,gesellschaftsvertraglicher,vereinbarung,1an,investoren,2lagebericht,3versicherung,gesetzlichen,vertreter,5weitere,informationen,4konzernabschluss,aufstellung,anteilsbesitzes,teil,anhangs,211,ii,verbundene,unternehmen,wegen,untergeordneter,bedeutung,vermögens,finanzœ˜,ertragslage,konzerns,konzernabschluss,einbezogen,beteiligungsanteil,in˛,eigenkapital,ergebnis,direkt,insgesamt,tsd˛•,tsd˛•,parc,eolien,chemin,de,chálons,sa,parisfrankreich,1009œ˛3parc,eolien,chemin,de,saintœ˛gilles,sa,parisfrankreich,100œ˛5œ˛9parc,eolien,chemin,vert,sa,parisfrankreich,10035œ˛2parc,eolien,mirebalais,sa,parisfrankreich,10028œ˛2parc,eolien,mont,hellet,sa,parisfrankreich,10035œ˛2parc,eolien,mont,herbé,sa,parisfrankreich,10028œ˛2parc,eolien,moulin,de,thiau,sa,parisfrankreich,10029œ˛3parc,eolien,moulin,bocage,sa,parisfrankreich,10028œ˛2parc,eolien,plateau,de,la,chapelleœ˛surchésy,sa,parisfrankreich,10035œ˛2parc,eolien,ru,garnier,sa,parisfrankreich,10029œ˛2parc,eolien,le,pierrot,sa,parisfrankreich,100œ˛331œ˛232parc,ynni,cymunedol,alwen,cyfyngedig,swindongroßbritannien,10000pawnee,spirit,wind,farm,llc,wilmingtonusa,10000paz,™éole,sa,parisfrankreich,10028œ˛2pe,ell,north,llc,chicagousa,10000photovoltaikkraftwerk,götz,verwaltungsœ˛gmbh,kolitzheim,10027œ˛1photovoltaikkraftwerk,groß,dölln,infrastruktur,gmbh,co,kg,templin,100œ˛18œ˛2photovoltaikkraftwerk,groß,dölln,infrastruktur,verwaltungsœ˛gmbh,templin,100290photovoltaikkraftwerk,reinsdorf,gmbh,co,kg,kolitzheim,100œ˛29œ˛2photovoltaikkraftwerk,reinsdorf,verwaltungsœ˛gmbh,kolitzheim,100300pi,ep,holding,limited,george,towncayman,island,10042240œ˛4pi,ep,u,holding,llc,new,york,cityusa,10041845œ˛301pinckard,solar,llc,wilmingtonusa,100001,ergebnisabführungsvertrag,abführungsgesperrte,beträge,2,daten,konzernabschluss,3,neu,jahresabschluss,verfügbar,4,beherrschung,aufgrund,gesellschaftsvertraglicher,vereinbarung,5,maßgeblicher,mittelbare,beteiligungen,6,maßgeblicher,eingrund,gesellschaftsvertraglicher,vereinbarung,1an,investoren,2lagebericht,3versicherung,gesetzlichen,vertreter,5weitere,informationen,4konzernabschluss,aufstellung,anteilsbesitzes,teil,anhangs,212,ii,verbundene,unternehmen,wegen,untergeordneter,bedeutung,vermögens,finanzœ˜,ertragslage,konzerns,konzernabschluss,einbezogen,beteiligungsanteil,in˛,eigenkapital,ergebnis,direkt,insgesamt,tsd˛•,tsd˛•,pinckard,solar,member,llc,wilmingtonusa,10000pinto,pas,llc,wilmingtonusa,10000pipkin,ranch,wind,farm,llc,wilmingtonusa,10000proyectos,solares,iberia,i,sl,barcelonaspanien,10027œ˛4proyectos,solares,iberia,ii,sl,barcelonaspanien,10038œ˛27proyectos,solares,iberia,iii,sl,barcelonaspanien,10025œ˛5proyectos,solares,iberia,iv,sl,barcelonaspanien,10026œ˛4proyectos,solares,iberia,v,sl,barcelonaspanien,10026œ˛4pryor,cave,wind,project,llc,chicagousa,10000pt,rheincoal,supply,trading,indonesia,pt,jakartaindonesien,100246œ˛9quartz,solar,llc,wilmingtonusa,1003quintana,fotovoltaica,slu,barcelonaspanien,1008œ˛4rd,hanau,gmbh,hanau,10000ribaforada,energy,ribaforada,slu,barasoainspanien,1001œ˛213roadrunner,crossing,wind,farm,llc,wilmingtonusa,10000rose,rock,wind,farm,llc,wilmingtonusa,10000rowantree,wind,farm,ltd,swindongroßbritannien,10000rwe,turcas,dogalgaz,ithalat,ve,ihracat,a,istanbultürkei,10068867rwe,australia,pty,ltd,brisbaneaustralien,10037œ˛12rwe,belgium,bvba,brüsselbelgien,1001419œ˛32rwe,carbon,sourcing,north,america,llc,wilmingtonusa,10000rwe,czech,gas,grid,holding,bv,geertruidenbergniederlande,10010001526rwe,dhabi,union,energy,llc,abu,dhabiver,arab,emirate,493301,ergebnisabführungsvertrag,abführungsgesperrte,beträge,2,daten,konzernabschluss,3,neu,jahresabschluss,verfügbar,4,beherrschung,aufgrund,gesellschaftsvertraglicher,vereinbarung,5,maßgeblicher,mittelbare,beteiligungen,6,maßgeblicher,eingrund,gesellschaftsvertraglicher,vereinbarung,1an,investoren,2lagebericht,3versicherung,gesetzlichen,vertreter,5weitere,informationen,4konzernabschluss,aufstellung,anteilsbesitzes,teil,anhangs,213,ii,verbundene,unternehmen,wegen,untergeordneter,bedeutung,vermögens,finanzœ˜,ertragslage,konzerns,konzernabschluss,einbezogen,beteiligungsanteil,in˛,eigenkapital,ergebnis,direkt,insgesamt,tsd˛•,tsd˛•,rwe,eemshydrogen,bv,geertruidenbergniederlande,1003rwe,energy,apac,co,ltd,chengduchina,1001798œ˛131rwe,enerji,toptan,satis,a,istanbultürkei,1003243104rwe,gas,storage,beteiligungsverwaltungs,gmbh,essen,100109890rwe,hillston,sun,farm,holding,pty,ltd,melbourneaustralien,100œ˛231œ˛59rwe,indeland,windpark,eschweiler,verwaltungs,gmbh,eschweiler,100546rwe,ingenus,limited,swindongroßbritannien,100253791rwe,nsw,pty,ltd,sydneyaustralien,10077œ˛137rwe,o˜shore,wind,a,rødbydänemark,1003rwe,o˜shore,wind,holding,llc,doverusa,100277œ˛96rwe,o˜shore,wind,netherlands,participation,i,bv,geertruidenbergniederlande,10000rwe,o˜shore,wind,netherlands,participation,ii,bv,geertruidenbergniederlande,10000rwe,o˜shore,wind,netherlands,participation,iii,bv,geertruidenbergniederlande,10000rwe,o˜shore,wind,netherlands,participation,iv,bv,geertruidenbergniederlande,10000rwe,pensionsfonds,ag,essen,1001003872178rwe,power,climate,protection,gmbh,essen,100231rwe,principal,investment,uk,limited,swindongroßbritannien,100103œ˛61rwe,principal,investment,usa,llc,new,york,cityusa,100232413962rwe,renewables,australia,holding,pty,ltd,brisbaneaustralien,100œ˛219œ˛406rwe,renewables,chile,spa,santiagochile,1001095œ˛497rwe,renewables,denmark,a,rødbydänemark,1003rwe,renewables,france,sa,levalloisœ˛perretfrankreich,10044831015rwe,renewables,japan,gk,tokyojapan,100œ˛172œ˛3841,ergebnisabführungsvertrag,abführungsgesperrte,beträge,2,daten,konzernabschluss,3,neu,jahresabschluss,verfügbar,4,beherrschung,aufgrund,gesellschaftsvertraglicher,vereinbarung,5,maßgeblicher,mittelbare,beteiligungen,6,maßgeblicher,eingrund,gesellschaftsvertraglicher,vereinbarung,1an,investoren,2lagebericht,3versicherung,gesetzlichen,vertreter,5weitere,informationen,4konzernabschluss,aufstellung,anteilsbesitzes,teil,anhangs,214,ii,verbundene,unternehmen,wegen,untergeordneter,bedeutung,vermögens,finanzœ˜,ertragslage,konzerns,konzernabschluss,einbezogen,beteiligungsanteil,in˛,eigenkapital,ergebnis,direkt,insgesamt,tsd˛•,tsd˛•,rwe,renewables,korea,llc,seoulsüdkorea,1003rwe,renewables,mexico,s,de,rl,de,cv,ciudad,de,méxicomexiko,1001014œ˛157rwe,renewables,service,gmbh,essen,10025œ˛6rwe,renewables,service,mexico,s,de,rl,de,cv,ciudad,de,méxicomexiko,100œ˛3œ˛3rwe,renewables,taiwan,ltd,taipei,citytaiwan,1003rwe,seabreeze,ii,verwaltungs,gmbh,essen,100716rwe,solar,netherlands,bv,™shertogenboschniederlande,10000rwe,solar,poland,sp,z,oo,warschaupolen,100œ˛144œ˛168rwe,stallingborough,limited,swindongroßbritannien,10000rwe,supply,trading,japan,kk,tokiojapan,100œ˛20rwe,supply,trading,turkey,enerji,anonim,sirketi,istanbultürkei,100894161rwe,technology,international,energy,environment,engineering,gmbh,essen,100251rwe,tecnologia,ltda,rio,de,janeirobrasilien,100940rwe,trading,service,limited,swindongroßbritannien,100131034rwe,wind,development,a,oslonorwegen,1003328œ˛17rwe,wind,holding,a,rødbydänemark,1003rwe,wind,norway,ab,malmöschweden,1004228œ˛2313rwe,wind,project,ab,malmöschweden,10051rwe,wind,service,italia,srl,mailanditalien,100œ˛82œ˛184rwe,wind,service,gmbh,neubukow,1002165œ˛1022rwe,wind,service,norway,a,oslonorwegen,1001427œ˛8rwe,wind,transmission,ab,malmöschweden,1007153rwe,windpark,bedburg,verwaltungs,gmbh,bedburg,514821,ergebnisabführungsvertrag,abführungsgesperrte,beträge,2,daten,konzernabschluss,3,neu,jahresabschluss,verfügbar,4,beherrschung,aufgrund,gesellschaftsvertraglicher,vereinbarung,5,maßgeblicher,mittelbare,beteiligungen,6,maßgeblicher,eingrund,gesellschaftsvertraglicher,vereinbarung,1an,investoren,2lagebericht,3versicherung,gesetzlichen,vertreter,5weitere,informationen,4konzernabschluss,aufstellung,anteilsbesitzes,teil,anhangs,215,ii,verbundene,unternehmen,wegen,untergeordneter,bedeutung,vermögens,finanzœ˜,ertragslage,konzerns,konzernabschluss,einbezogen,beteiligungsanteil,in˛,eigenkapital,ergebnis,direkt,insgesamt,tsd˛•,tsd˛•,rwe,windpark,garzweiler,verwaltungs,gmbh,essen,10027œ˛4rwe,windpark,papenhagen,gmbh,co,kg,hannover,100576œ˛125rwe,windpark,papenhagen,verwaltungs,gmbh,hannover,100338rwest,na,investment,gmbh,essen,10040522œ˛120rwest,pi,bra,limited,londongroßbritannien,10022135œ˛926rwest,pi,fre,holding,llc,new,york,cityusa,1002œ˛13santa,severa,centrale,pv,sa,srl,romitalien,100œ˛1520sb,retro˚t,llc,dallasusa,1003scioto,solar,llc,wilmingtonusa,10000shay,solar,llc,wilmingtonusa,10000snow,shoe,wind,farm,llc,wilmingtonusa,10000sp,solarprojekte,1,verwaltungsœ˛gmbh,kolitzheim,10024œ˛1sp,solarprojekte,11,verwaltungsœ˛gmbh,kolitzheim,100290sp,solarprojekte,12,verwaltungsœ˛gmbh,kolitzheim,100290sp,solarprojekte,17,verwaltungsœ˛gmbh,kolitzheim,1003sp,solarprojekte,18,verwaltungsœ˛gmbh,kolitzheim,1003sp,solarprojekte,19,verwaltungsœ˛gmbh,kolitzheim,1003sp,solarprojekte,2,gmbh,co,kg,kolitzheim,100œ˛5œ˛2sp,solarprojekte,2,verwaltungsœ˛gmbh,kolitzheim,100260sp,solarprojekte,20,verwaltungsœ˛gmbh,kolitzheim,1003sp,solarprojekte,3,gmbh,co,kg,kolitzheim,100œ˛6œ˛2sp,solarprojekte,3,verwaltungsœ˛gmbh,kolitzheim,100260sparta,north,llc,wilmingtonusa,100001,ergebnisabführungsvertrag,abführungsgesperrte,beträge,2,daten,konzernabschluss,3,neu,jahresabschluss,verfügbar,4,beherrschung,aufgrund,gesellschaftsvertraglicher,vereinbarung,5,maßgeblicher,mittelbare,beteiligungen,6,maßgeblicher,eingrund,gesellschaftsvertraglicher,vereinbarung,1an,investoren,2lagebericht,3versicherung,gesetzlichen,vertreter,5weitere,informationen,4konzernabschluss,aufstellung,anteilsbesitzes,teil,anhangs,216,ii,verbundene,unternehmen,wegen,untergeordneter,bedeutung,vermögens,finanzœ˜,ertragslage,konzerns,konzernabschluss,einbezogen,beteiligungsanteil,in˛,eigenkapital,ergebnis,direkt,insgesamt,tsd˛•,tsd˛•,sparta,south,llc,wilmingtonusa,10000stillwater,energy,storage,llc,wilmingtonusa,10000storage,facility,1,ltd,sloughgroßbritannien,100œ˛51œ˛32sun,data,gmbh,il,kolitzheim,10060œ˛7sunpow,1,sp,z,oo,warschaupolen,10000sunrise,energy,generation,pvt,ltd,mumbaiindien,100693sunrise,wind,holding,llc,chicagousa,10000tafalla,energy,tafalla,slu,barasoainspanien,1001œ˛213terrapin,hill,llc,chicagousa,10000thor,wind,farm,is,rødbydänemark,1003three,rock,solar,llc,wilmingtonusa,10000tierra,blanca,wind,farm,llc,wilmingtonusa,10000tipton,wind,llc,wilmingtonusa,10000valverde,wind,farm,llc,wilmingtonusa,10000vde,komplementär,gmbh,kassel,10030œ˛24vde,project,gmbh,kassel,10016080œ˛7035venado,wind,farm,llc,wilmingtonusa,10000versuchsatomkraftwerk,kahl,gmbh,karlstein,main,8063431vici,wind,farm,ii,llc,wilmingtonusa,10000vici,wind,farm,iii,llc,wilmingtonusa,10000vici,wind,farm,llc,wilmingtonusa,10000villarrobledo,desarrollo,2,slu,barasoainspanien,1001œ˛1186vindkraftpark,aurvandil,ab,uppsalaschweden,100601,ergebnisabführungsvertrag,abführungsgesperrte,beträge,2,daten,konzernabschluss,3,neu,jahresabschluss,verfügbar,4,beherrschung,aufgrund,gesellschaftsvertraglicher,vereinbarung,5,maßgeblicher,mittelbare,beteiligungen,6,maßgeblicher,eingrund,gesellschaftsvertraglicher,vereinbarung,1an,investoren,2lagebericht,3versicherung,gesetzlichen,vertreter,5weitere,informationen,4konzernabschluss,aufstellung,anteilsbesitzes,teil,anhangs,217,ii,verbundene,unternehmen,wegen,untergeordneter,bedeutung,vermögens,finanzœ˜,ertragslage,konzerns,konzernabschluss,einbezogen,beteiligungsanteil,in˛,eigenkapital,ergebnis,direkt,insgesamt,tsd˛•,tsd˛•,vindkraftpark,brynhild,ab,uppsalaschweden,10040vortex,energy,deutschland,gmbh,kassel,1004397œ˛265vortex,energy,windpark,gmbh,co,kg,kassel,1001651œ˛1029west,fork,solar,llc,wilmingtonusa,10000wildcat,wind,farm,ii,llc,wilmingtonusa,10000wildcat,wind,farm,iii,llc,wilmingtonusa,10000willowbrook,solar,i,llc,wilmingtonusa,10000windpark,bedburg,a44n,gmbh,co,kg,essen,1003windpark,bedburg,a44n,verwaltungs,gmbh,essen,1003windpark,winterlingenœ˛alb,gmbh,co,kg,kassel,1002501œ˛2606wit,ranch,wind,farm,llc,wilmingtonusa,10000wr,graceland,solar,llc,wilmingtonusa,10000zielone,glówczyce,sp,z,oo,glówczycepolen,100419œ˛5271,ergebnisabführungsvertrag,abführungsgesperrte,beträge,2,daten,konzernabschluss,3,neu,jahresabschluss,verfügbar,iii,gemeinschaftliche,tätigkeiten,beteiligungsanteil,eigenkapital,ergebnis,direkt,insgesamt,tsd,•,tsd,•,greater,gabbard,o˜shore,wind,limited,readinggroßbritannien,501062256100186nv,elektriciteitsœ˛produktiemaatschappij,zuidœ˛nederland,epz,borsseleniederlande,308130256094,beherrschung,aufgrund,gesellschaftsvertraglicher,vereinbarung,5,maßgeblicher,mittelbare,beteiligungen,6,maßgeblicher,eingrund,gesellschaftsvertraglicher,vereinbarung,1an,investoren,2lagebericht,3versicherung,gesetzlichen,vertreter,5weitere,informationen,4konzernabschluss,aufstellung,anteilsbesitzes,teil,anhangs,218,iv,verbundene,unternehmen,gemeinschaftlichen,tätigkeiten,beteiligungsanteil,in˛,eigenkapital,ergebnis,direkt,insgesamt,tsd˛•,tsd˛•,enzee,bv,borsseleniederlande,1003v,assoziierte,unternehmen,gemeinschaftlichen,tätigkeiten,beteiligungsanteil,in˛,eigenkapital,ergebnis,direkt,insgesamt,tsd˛•,tsd˛•,bv,nea,arnhemniederlande,28730991385vi,gemeinschaftsunternehmen,equitymethode,bilanziert,beteiligungsanteil,in˛,eigenkapital,ergebnis,direkt,insgesamt,tsd˛•,tsd˛•,a,3,beteiligungs,gmbh,essen,514313081489awearkonawindpark,entwicklungsgmbh,hamburg,501073377139732cpower,nv,oostendebelgien,2726277216589elevate,wind,holdco,llc,wilmingtonusa,50138730œ˛94126galloper,wind,farm,holding,company,limited,swindongroßbritannien,257021848653grandview,wind,farm,llc,wilmingtonusa,50256827œ˛9497gwynt,y,môr,o˜shore,wind,farm,limited,swindongroßbritannien,50œ˛3002œ˛1023innogy,venture,capital,gmbh,dortmund,754842128rampion,renewables,limited,coventrygroßbritannien,6043société,electrique,de,l™our,sa,luxemburgluxemburg,401339636992tcp,petcoke,corporation,doverusa,503095221762uranit,gmbh,jülich,5072136981031,ergebnisabführungsvertrag,abführungsgesperrte,beträge,2,daten,konzernabschluss,3,neu,jahresabschluss,verfügbar,4,beherrschung,aufgrund,gesellschaftsvertraglicher,vereinbarung,5,maßgeblicher,mittelbare,beteiligungen,6,maßgeblicher,eingrund,gesellschaftsvertraglicher,vereinbarung,1an,investoren,2lagebericht,3versicherung,gesetzlichen,vertreter,5weitere,informationen,4konzernabschluss,aufstellung,anteilsbesitzes,teil,anhangs,219,vii,assoziierte,unternehmen,equitymethode,bilanziert,beteiligungsanteil,in˛,eigenkapital,ergebnis,direkt,insgesamt,tsd˛•,tsd˛•,amprion,gmbh,dortmund,25251946300220200atberg,œ˛,eólicas,do,alto,tâmega,e,barroso,lda,ribeira,de,penaportugal,405319468belectric,gulf,limited,abu,dhabiver,arab,emirate,4977641525bray,o˜shore,wind,limited,kilkennyirland,50œ˛99œ˛16doti,deutsche,o˜shoreœ˛testfeldœ˛,infrastrukturœ˛gmbh,co,kg,oldenburg,2657925œ˛23919gns,gesellschaft,nuklearœ˛service,mbh,essen,2845538249602grosskraftwerk,mannheim,aktiengesellschaft,mannheim,401340826647hidroerg,œ˛,projectos,energéticos,lda,lissabonportugal,32129561692innogy,renewables,technology,fund,i,gmbh,co,kg,dortmund,78418880670kärntner,energieholding,beteiligungs,gmbh,klagenfurtösterreich,499182031115252kelagœ˛kärntner,elektrizitätsœ˛ag,klagenfurtösterreich,135917666111723kish,o˜shore,wind,limited,kilkennyirland,50œ˛119œ˛16magicat,holdco,llc,wilmingtonusa,20251381œ˛6840mingasœ˛power,gmbh,essen,4045503881nysäter,wind,ab,malmöschweden,2049579œ˛96341pearl,petroleum,company,limited,road,townbritische,jungferninseln,1061748102259854rødsand,2,o˜shore,wind,farm,ab,malmöschweden,2015656416001schluchseewerk,aktiengesellschaft,laufenburg,baden,50677662809vliegasunie,bv,de,biltniederlande,754832316441,ergebnisabführungsvertrag,abführungsgesperrte,beträge,2,daten,konzernabschluss,3,neu,jahresabschluss,verfügbar,4,beherrschung,aufgrund,gesellschaftsvertraglicher,vereinbarung,5,maßgeblicher,mittelbare,beteiligungen,6,maßgeblicher,eingrund,gesellschaftsvertraglicher,vereinbarung,1an,investoren,2lagebericht,3versicherung,gesetzlichen,vertreter,5weitere,informationen,4konzernabschluss,aufstellung,anteilsbesitzes,teil,anhangs,220,viii,unternehmen,wegen,untergeordneter,bedeutung,vermögens,finanz,ertragslage,konzerns,equitymethode,bilanziert,beteiligungsanteil,in˛,eigenkapital,ergebnis,direkt,insgesamt,tsd˛•,tsd˛•,abwasserœ˛gesellschaft,knapsack,gesellschaft,beschränkter,haftung,hürth,33453223alfred,thielœ˛gedächtnisœ˛unterstützungskasse,gmbh,essen,5051130anemos,ala,segarra,sl,reusspanien,403ascent,energy,llc,wilmingtonusa,50833736656awel,y,môr,o˜shore,wind,farm,limited,swindongroßbritannien,603carbon,climate,protection,gmbh,langenloisösterreich,5051064054carbon,egypt,ltd,under,liquidation,kairoägypten,49œ˛2127œ˛253dbo,energia,sa,rio,de,janeirobrasilien,4915199œ˛1063deutsche,gesellschaft,wiederaufarbeitung,kernbrennsto˜en,ag,co,ohg,essen,31861350doti,management,gmbh,oldenburg,261190dunkerque,eoliennes,en,mer,sa,montpellierfrankreich,32100emdo,sa,parisfrankreich,30œ˛12965œ˛2075eólica,alta,anoia,sl,reusspanien,403eólica,la,conca,sl,reusspanien,403eólica,la,conca,3,sl,reusspanien,403eoliennes,en,mer,de,dunkerque,emd,sa,parisfrankreich,3010œ˛5fassi,coal,pty,ltd,rutherfordaustralien,47œ˛10016œ˛2887first,river,energy,llc,denverusa,40œ˛1291œ˛7414five,estuary,o˜shore,wind,farm,limited,swindongroßbritannien,253focal,energy,photovoltaic,holding,limited,nicosiazypern,501621227fond,moulin,sa,asnières,sur,seinefrankreich,2535œ˛2gemeinschaftswerk,hattingen,gesellschaft,beschränkter,haftung,essen,522045œ˛815gfs,gesellschaft,simulatorschulung,mbh,essen,336431,ergebnisabführungsvertrag,abführungsgesperrte,beträge,2,daten,konzernabschluss,3,neu,jahresabschluss,verfügbar,4,beherrschung,aufgrund,gesellschaftsvertraglicher,vereinbarung,5,maßgeblicher,mittelbare,beteiligungen,6,maßgeblicher,eingrund,gesellschaftsvertraglicher,vereinbarung,1an,investoren,2lagebericht,3versicherung,gesetzlichen,vertreter,5weitere,informationen,4konzernabschluss,aufstellung,anteilsbesitzes,teil,anhangs,221,viii,unternehmen,wegen,untergeordneter,bedeutung,vermögens,finanz,ertragslage,konzerns,equitymethode,bilanziert,beteiligungsanteil,in˛,eigenkapital,ergebnis,direkt,insgesamt,tsd˛•,tsd˛•,kraftwerk,buer,gbr,gelsenkirchen,5051130ksg,kraftwerksœ˛simulatorœ˛gesellschaft,mbh,essen,3364126kückhovener,deponiebetrieb,gmbh,co,kommanditgesellschaft,bergheim,5032œ˛1kückhovener,deponiebetrieb,verwaltungsœ˛gmbh,bergheim,50390ldo,coal,pty,ltd,rutherfordaustralien,47œ˛10174limetree,bay,preferred,holding,llc,bostonusa,28147500london,array,limited,tunbridge,wellsgroßbritannien,3000moravske,hidroelektrane,doo,belgradserbien,513532œ˛6netzanbindung,tewel,ohg,cuxhaven,25588œ˛39new,england,aqua,ventus,llc,los,angelesusa,503north,fall,o˜shore,wind,farm,holdco,limited,swindongroßbritannien,5000parc,eolien,de,sepmes,sa,angersfrankreich,503pv,project,komplementär,gmbh,il,kolitzheim,5026œ˛1qœ˛portal,gmbh,grevenbroich,493rampion,extension,development,limited,swindongroßbritannien,503scarweather,sand,limited,coventrygroßbritannien,5000tetraspar,demonstrator,aps,kopenhagendänemark,337969œ˛2124toledo,pv,aeie,madridspanien,331330723tpg,wind,limited,coventrygroßbritannien,50317726umspannwerk,putlitz,gmbh,co,kg,oldenburg,250œ˛109versorium,energy,lp,calgary,albertakanada,503walden,renewables,development,llc,new,york,cityusa,761683œ˛1045windesco,inc,bostonusa,21œ˛1757œ˛8711,ergebnisabführungsvertrag,abführungsgesperrte,beträge,2,daten,konzernabschluss,3,neu,jahresabschluss,verfügbar,4,beherrschung,aufgrund,gesellschaftsvertraglicher,vereinbarung,5,maßgeblicher,mittelbare,beteiligungen,6,maßgeblicher,eingrund,gesellschaftsvertraglicher,vereinbarung,1an,investoren,2lagebericht,3versicherung,gesetzlichen,vertreter,5weitere,informationen,4konzernabschluss,aufstellung,anteilsbesitzes,teil,anhangs,222,ix,sonstige,beteiligungen,beteiligungsanteil,in˛,eigenkapital,ergebnis,direkt,insgesamt,tsd˛•,tsd˛•,apep,dachfonds,gmbh,co,kg,münchen,363612153822134chrysalix,energy,ii,u,limited,partnership,vancouverkanada,6149066936chrysalix,energy,iii,u,limited,partnership,vancouverkanada,568311œ˛44502dry,bulk,partner,2013,lp,grand,caymancayman,island,235368œ˛783energías,renovables,de,ávila,sa,madridspanien,175950eon,se,essen,159728400788300focal,energy,solar,three,ltd,nicosiazypern,85822648glenrothes,paper,limited,glenrothesgroßbritannien,06340globus,steel,power,pvt,limited,new,delhiindien,18œ˛1428œ˛245highœ˛tech,gründerfonds,ii,gmbh,co,kg,bonn,110321101,ergebnisabführungsvertrag,abführungsgesperrte,beträge,2,daten,konzernabschluss,3,neu,jahresabschluss,verfügbar,4,beherrschung,aufgrund,gesellschaftsvertraglicher,vereinbarung,5,maßgeblicher,mittelbare,beteiligungen,6,maßgeblicher,eingrund,gesellschaftsvertraglicher,vereinbarung,viii,unternehmen,wegen,untergeordneter,bedeutung,vermögens,finanz,ertragslage,konzerns,equitymethode,bilanziert,beteiligungsanteil,in˛,eigenkapital,ergebnis,direkt,insgesamt,tsd˛•,tsd˛•,windpark,fresenhede,gmbh,co,kg,kassel,501œ˛572windpark,herßumœ˛vinnen,projekt,gmbh,co,kg,kassel,501œ˛410windpark,rotenburg,gmbh,co,kg,kassel,501œ˛847windpark,schapen,gmbh,co,kg,kassel,501œ˛939windtest,grevenbroich,gmbh,grevenbroich,38966œ˛3081an,investoren,2lagebericht,3versicherung,gesetzlichen,vertreter,5weitere,informationen,4konzernabschluss,aufstellung,anteilsbesitzes,teil,anhangs,223,ix,sonstige,beteiligungen,beteiligungsanteil,in˛,eigenkapital,ergebnis,direkt,insgesamt,tsd˛•,tsd˛•,hochtemperaturœ˛kernkraftwerk,gesellschaft,beschränkter,haftung,hkg,gemeinsames,europäisches,unternehmen,hamm,3100nordsee,one,gmbh,oststeinbek,159428350169nordsee,three,gmbh,oststeinbek,1572œ˛2nordsee,two,gmbh,oststeinbek,1570œ˛2oppenheim,private,equity,institutionelle,anleger,gmbh,co,kg,köln,2929158œ˛190parque,eólico,cassiopea,sl,oviedospanien,1073œ˛1parque,eólico,escorpio,sa,oviedospanien,1023860parque,eólico,leo,sl,oviedospanien,103120peag,holding,gmbh,dortmund,121217942785promocion,y,gestion,cáncer,sl,oviedospanien,1092œ˛1set,fund,ii,cv,amsterdamniederlande,622570œ˛2915stem,inc,milbraeusa,6œ˛20413œ˛51014sustainable,energy,technology,fund,cv,amsterdamniederlande,48222876884technologiezentrum,jülich,gmbh,jülich,51955165transportœ˛,frischbetonœ˛gesellschaft,beschränkter,haftung,co,kommanditgesellschaft,aachen,aachen,17390122trinkaus,secondary,gmbh,co,kgaa,düsseldorf,43431025œ˛33umbo,gmbh,hamburg,1044132925umspannwerk,lübz,gbr,lübz,18278versorgungskasse,energie,vvag,il,hannover,0517290versorium,energy,ltd,calgarykanada,1531,ergebnisabführungsvertrag,abführungsgesperrte,beträge,2,daten,konzernabschluss,3,neu,jahresabschluss,verfügbar,4,beherrschung,aufgrund,gesellschaftsvertraglicher,vereinbarung,5,maßgeblicher,mittelbare,beteiligungen,6,maßgeblicher,eingrund,gesellschaftsvertraglicher,vereinbarung,1an,investoren,2lagebericht,3versicherung,gesetzlichen,vertreter,5weitere,informationen,4konzernabschluss,aufstellung,anteilsbesitzes,teil,anhangs,224,anteilsveränderungen,wechsel,beherrschungsstatus,anteil,31122020,in˛anteil,31122019,in˛veränderung,zugänge,verbundener,unternehmen,konzernabschluss,einbezogen,rwe,battery,solution,gmbh,essen,100100rwe,king,lynn,limited,swindongroßbritannien,100100rwe,renewables,holdco,bv,geertruidenbergniederlande,100100rwe,renewables,management,uk,limited,swindongroßbritannien,100100rwe,renouvelables,france,sa,la,plaine,st,denisfrankreich,100100vela,wind,holdco,llc,wilmingtonusa,100100abgänge,verbundener,unternehmen,konzernabschluss,einbezogen,belectric,pv,dach,gmbh,sömmerda,100œ˛100georgia,biomass,holding,llc,savannahusa,100œ˛100georgia,biomass,llc,savannahusa,100œ˛100innogy,slovensko,sro,bratislavaslowakei,100œ˛100jurchen,technology,gmbh,kitzingen,100œ˛100jurchen,technology,india,private,limited,mumbaiindien,100œ˛100nrw,pellet,gmbh,erndtebrück,100œ˛100transpower,limited,dublinirland,100œ˛100východoslovenská,distribucná,a,koıiceslowakei,100œ˛100východoslovenská,energetika,a,koıiceslowakei,100œ˛100východoslovenská,energetika,holding,a,koıiceslowakei,491,œ˛491,beherrschung,gesellschaftsvertragliche,vereinbarung,anteilsveränderungen,wechsel,beherrschungsstatus,anteil,31122020,in˛anteil,31122019,in˛veränderung,verbundene,unternehmen,konzernabschluss,einbezogen,nordsee,windpark,beteiligungs,gmbh,essen,1009010rwe,renewables,uk,humber,wind,limited,coventrygroßbritannien,51100œ˛491an,investoren,2lagebericht,3versicherung,gesetzlichen,vertreter,5weitere,informationen,4konzernabschluss,aufstellung,anteilsbesitzes,teil,anhangs,225,48,organe,teil,anhangs,aufsichtsrat,ende,amtszeit,hauptversammlung,2021,dr,werner,brandt,bad,homburg,vorsitzender,vorsitzender,aufsichtsrats,prosiebensat1,medium,se,geburtsjahr,1954mitglied,seit,18,april,2013,mandate,ł,prosiebensat1,medium,se,vorsitz,1ł,siemens,ag,1frank,bsirske,2isernhagen,stellvertretender,vorsitzender,ehem,vorsitzender,verdi˛˛vereinte,dienstleistungs,gewerkschaft,geburtsjahr,1952mitglied,seit,9,januar,2001,mandate,ł,deutsche,bank,ag,1michael,bochinsky2grevenbroich,stellvertretender,gesamtbetriebsratsvorsitzender,rwe,power,ag,geburtsjahr,1967mitglied,seit,1,august,2018,sandra,bossemeyer,2duisburg,betriebsratsvorsitzende,rwe,ag,schwerbehindertenvertreterin,geburtsjahr,1965mitglied,seit,20,april,2016,martin,bröker,2bochumleiter,corporate,it˛˛sap,rwe,ag,geburtsjahr,1966mitglied,seit,1,september,2018,stand,5,märz,2021,ł,mitgliedschaft,gesetzlich,bildenden,aufsichtsräten,i˛s˛d,§˛125,aktg,mitgliedschaft,vergleichbaren,ausländischen,kontrollgremien,wirtschaftsunternehmen,i˛s˛d,§˛125,aktg,1,börsennotiertes,unternehmen,2,vertreter,arbeitnehmer,3,konzerninternes,mandat,1an,investoren,2lagebericht,3versicherung,gesetzlichen,vertreter,5weitere,informationen,4konzernabschluss,organe,teil,anhangs,226,anja,dubbert2essenbusiness,development,manager,mitglied,betriebsrats,rwe,supply˛˛trading,gmbh,geburtsjahr,1979mitglied,seit,27,september,2019,matthias,dürbaum2heimbach,vorsitzender,betriebsrats,tagebau,hambach,geburtsjahr,1987mitglied,seit,27,september,2019,ute,gerbaulet,düsseldorfpersönlich,haftende,gesellschafterin,bankhaus,lampe,kg,geburtsjahr,1968mitglied,seit,27,april,2017,mandate,nrwbank,aör,prof,dring,dring,e˜h,hanspeter,keitel,essenehem,vorsitzender,vorstands,hochtief,ag,geburtsjahr,1947mitglied,seit,18,april,2013,mandate,consolidated,contractor,group,sal,ł,mitgliedschaft,gesetzlich,bildenden,aufsichtsräten,i˛s˛d,§˛125,aktg,mitgliedschaft,vergleichbaren,ausländischen,kontrollgremien,wirtschaftsunternehmen,i˛s˛d,§˛125,aktg,1,börsennotiertes,unternehmen,2,vertreter,arbeitnehmer,3,konzerninternes,mandat,mag,dr,h˜c,monika,kircher,krumpendorf,österreich,selbstständige,unternehmensberaterin,geburtsjahr,1957mitglied,seit,15,oktober,2016,mandate,andritz,ag,1,kärntner,energieholding,beteiligungs,gmbh,vorsitz,kelagkärntner,elektrizitäts,ag,siemens,ag,österreich,harald,louis,2jülich,gesamtbetriebsratsvorsitzender,rwe,power,ag,geburtsjahr,1967mitglied,seit,20,april,2016,mandate,ł,rwe,power,ag,31an,investoren,2lagebericht,3versicherung,gesetzlichen,vertreter,5weitere,informationen,4konzernabschluss,organe,teil,anhangs,227,dagmar,mühlenfeld,mülheim,ruhr,oberbürgermeisterin,a˛d,stadt,mülheim,ruhr,geschäftsführerin,juni,ggmbh,junioruni,ruhr,geburtsjahr,1951mitglied,seit,4,januar,2005,peter,ottmann,nettetal,geschäftsführer,verbands,kommunalen,rweaktionäre,gmbh,rechtsanwalt,landrat,a˛d,kreis,viersen,geburtsjahr,1951mitglied,seit,20,april,2016,günther,schartz,wincheringenlandrat,landkreises,triersaarburg,geburtsjahr,1962mitglied,seit,20,april,2016,mandate,art,abfallberatungs,verwertungsgesellschaft,mbh,vorsitz,kreiskrankenhaus,st,franziskus,saarburg,gmbh,vorsitz,sparkassenverband,rheinlandpfalz,sparkasse,trier,vorsitz,trierer,hafengesellschaft,mbh,zweckverband,abfallwirtschaft,region,trier,dr,erhard,schipporeit,hannover,selbstständiger,unternehmensberater,geburtsjahr,1949mitglied,seit,20,april,2016,mandate,ł,bdo,ag,wirtschaftsprüfungsgesellschaft,ł,hannover,rück,se,1ł,hdi,haftptverband,deutschen,industrie,vvag,ł,talanx,ag,1dr,wolfgang,schüssel,wien,österreich,bundeskanzler,a˛d,republik,österreich,geburtsjahr,1945mitglied,seit,1,märz,2010,mandate,adenauer,stiftung,vorsitzender,kuratoriums,pjsc,lukoil,1ł,mitgliedschaft,gesetzlich,bildenden,aufsichtsräten,i˛s˛d,§˛125,aktg,mitgliedschaft,vergleichbaren,ausländischen,kontrollgremien,wirtschaftsunternehmen,i˛s˛d,§˛125,aktg,1,börsennotiertes,unternehmen,2,vertreter,arbeitnehmer,3,konzerninternes,mandat,1an,investoren,2lagebericht,3versicherung,gesetzlichen,vertreter,5weitere,informationen,4konzernabschluss,organe,teil,anhangs,228,ullrich,sierau,dortmundoberbürgermeister,a˛d,stadt,dortmund,geburtsjahr,1956mitglied,seit,20,april,2011,ralf,sikorski,2hannover,stellvertretender,vorsitzender,ig,bergbau,chemie,energie,geburtsjahr,1961mitglied,seit,1,juli,2014,mandate,ł,chemie,pensionsfonds,ag,ł,lanxess,ag,1ł,lanxess,deutschland,gmbh,ł,rag,ag,ł,rwe,generation,se,3ł,rwe,power,ag,3,ksbg,kommunale,verwaltungsgesellschaft,gmbh,ł,mitgliedschaft,gesetzlich,bildenden,aufsichtsräten,i˛s˛d,§˛125,aktg,mitgliedschaft,vergleichbaren,ausländischen,kontrollgremien,wirtschaftsunternehmen,i˛s˛d,§˛125,aktg,1,börsennotiertes,unternehmen,2,vertreter,arbeitnehmer,3,konzerninternes,mandat,marion,weckes,2dormagenreferatsleiterin,—börsennotierte,unternehmen,corporate,governanceﬁ,institut,mitbestimmung,unternehmensführung,hansböcklerstiftung,geburtsjahr,1975mitglied,seit,20,april,2016,leonhard,zubrowski,2lippetal,konzernbetriebsratsvorsitzender,rwe,ag,geburtsjahr,1961mitglied,seit,1,juli,2014,mandate,ł,rwe,generation,se,31an,investoren,2lagebericht,3versicherung,gesetzlichen,vertreter,5weitere,informationen,4konzernabschluss,organe,teil,anhangs,229,ausschüsse,aufsichtsrats,präsidium,aufsichtsrats,dr,werner,brandt,vorsitz,frank,bsirske,sandra,bossemeyer,anja,dubbertmatthias,dürbaum,prof,dr,hanspeter,keitel,dagmar,mühlenfeld,dr,wolfgang,schüssel,vermittlungsausschuss,§˜27,ab,3,mitbestg,dr,werner,brandt,vorsitz,frank,bsirske,dr,wolfgang,schüssel,ralf,sikorski,personalausschuss,dr,werner,brandt,vorsitz,frank,bsirske,harald,louis,peter,ottmann,dr,wolfgang,schüssel,leonhard,zubrowski,prüfungsausschussdr,erhard,schipporeit,vorsitz,michael,bochinsky,mag,dr,h˛c,monika,kircher,ullrich,sierau,ralf,sikorski,marion,weckes,nominierungsausschuss,dr,werner,brandt,vorsitz,prof,dr,hanspeter,keitel,peter,ottmann,strategie,nachhaltigkeitsausschuss,dr,werner,brandt,vorsitz,frank,bsirske,prof,dr,hanspeter,keitel,günther,schartz,ralf,sikorski,leonhard,zubrowski,1an,investoren,2lagebericht,3versicherung,gesetzlichen,vertreter,5weitere,informationen,4konzernabschluss,organe,teil,anhangs,230,vorstand,dr,rolf,martin,schmitz,vorstandsvorsitzender,30,april,2021,vorsitzender,vorstands,rwe,ag,seit,15,oktober,2016mitglied,vorstands,rwe,ag,seit,1,mai,2009,bestellt,30,juni,2021,amtsniederlegung,30,april,2021,arbeitsdirektor,rwe,ag,1,mai,2017,31,oktober,2020,konzernressorts,ł,corporate,transformation,ł,interne,revision˛˛compliance,ł,konzernkommunikation˛˛energiepolitik,ł,recht˛˛versicherung,ł,unternehmensentwicklung,mandate,ł,eon,se,1ł,rwe,generation,se,2,vorsitz,ł,rwe,renewables,gmbh,2ł,rwe,supply˛˛trading,gmbh,2ł,tüv,rheinland,ag,jaeger,grund,gmbh˛˛co,kg,jaeger,gruppe,vorsitz,kärntner,energieholding,beteiligungs,gmbh,kelagkärntner,elektrizitäts,ag,ł,mitgliedschaft,gesetzlich,bildenden,aufsichtsräten,i˛s˛d,§˛125,aktg,mitgliedschaft,vergleichbaren,ausländischen,kontrollgremien,wirtschaftsunternehmen,i˛s˛d,§˛125,aktg,1,börsennotiertes,unternehmen,2,konzerninternes,mandat,dr,markus,krebber,finanzvorstand,30,april,2021,vorsitzender,vorstands,rwe,ag,ab,1,mai,2021,mitglied,vorstands,rwe,ag,seit,1,oktober,2016,bestellt,30,juni,2026,konzernressorts,ł,controlling˛˛risikomanagement,ł,investor,relation,ł,portfolio,management˛˛mergers˛˛acquisitions,ł,rechnungswesen,ł,unternehmensstrategie,mandate,ł,rwe,generation,se,2ł,rwe,power,ag,2ł,rwe,renewables,gmbh,2,vorsitz,ł,rwe,supply˛˛trading,gmbh,2,vorsitz,1an,investoren,2lagebericht,3versicherung,gesetzlichen,vertreter,5weitere,informationen,4konzernabschluss,organe,teil,anhangs,231,dr,michael,müller,finanzvorstand,ab,1,mai,2021,mitglied,vorstands,rwe,ag,seit,1,november,2020,bestellt,31,oktober,2023,geschäftsführer,cfo,rwe,supply˛˛trading,gmbh,1,september,2016,30,april,2021,seit,1,november,2020,personalunion,konzernressorts,ł,business,service,ł,finanzen˛˛kreditrisiko,ł,steuern,mandate,ł,amprion,gmbh,ł,rwe,generation,se,2ł,rwe,power,ag,2zvezdana,seeger,personalvorständin,mitglied,vorstands,rwe,ag,seit,1,november,2020,bestellt,31,oktober,2023,arbeitsdirektorin,rwe,ag,seit,1,november,2020,konzernressorts,ł,itł,personal,mandate,ł,rwe,pensionsfonds,ag,2,vorsitz,ł,rwe,power,ag,2,vorsitz,ł,mitgliedschaft,gesetzlich,bildenden,aufsichtsräten,i˛s˛d,§˛125,aktg,mitgliedschaft,vergleichbaren,ausländischen,kontrollgremien,wirtschaftsunternehmen,i˛s˛d,§˛125,aktg,1,börsennotiertes,unternehmen,2,konzerninternes,mandat,1an,investoren,2lagebericht,3versicherung,gesetzlichen,vertreter,5weitere,informationen,4konzernabschluss,organe,teil,anhangs,232,49,bestätigungsvermerk,unabhängigen,abschlussprüfers,rwe,aktiengesellschaft,essen,vermerk,prüfung,konzernabschlusses,konzernlageberichts,prüfungsurteile,konzernabschluss,rwe,aktiengesellschaft,essen,tochtergesellschaften,konzern,œ,bestehend,konzernbilanz,31,dezember,2020,konzerngesamtergebnis,rechnung,konzerngewinn,verlustrechnung,konzerneigenkapitalveränderungsrechnung,konzernkapitechnung,geschäftsjahr,1,januar,31,dezember,2020,sowie,konzernanhang,einschließlich,zusammenfassung,bedeutsamer,rechnungslegungs,methoden,œ,geprüft,darüber,hinaus,konzernlagebericht,rwe,aktiengesellschaft,lagebericht,gesellschaft,zusammengefasst,geschäftsjahr,1,januar,31,dezember,2020,geprüft,abschnitt,—sonstige,informationenﬁ,bestätigungsver,merks,genannten,bestandteile,konzernlageberichts,einklang,deutschen,gesetzlichen,vorschriften,inhaltlich,geprüft,unserer,beurteilung,aufgrund,prüfung,gewon,nenen,erkenntnisse,ł,entspricht,beigefügte,konzernabschluss,wesentlichen,belangen,ifrs,eu,anzuwenden,ergänzend,§˛315e,ab,1,hgb,anzuwendenden,deutschen,gesetz,lichen,vorschriften,vermittelt,beachtung,vorschriften,tatsächlichen,verhält,nissen,entsprechendes,bild,vermögens,finanzlage,konzerns,31,dezember,2020,sowie,ertragslage,geschäftsjahr,1,januar,31,dezember,2020,ł,vermittelt,beigefügte,konzernlagebericht,insgesamt,zutre˜endes,bild,lage,konzerns,wesentlichen,belangen,steht,konzernlagebericht,einklang,konzernabschluss,entspricht,deutschen,gesetzlichen,vorschriften,stellt,chancen,risiken,zukünftigen,entwicklung,zutre˜end,dar,prüfungsurteil,konzernlagebericht,erstreckt,inhalt,abschnitt,—sonstige,informationenﬁ,genannten,bestandteile,konzernlageberichts,gemäß,§˛322,ab,3,satz,1,hgb,erklären,prüfung,einwendungen,ordnungsmäßigkeit,konzernabschlusses,konzernlageberichts,geführt,grundlage,prüfungsurteile,prüfung,konzernabschlusses,konzernlageberichts,übereinstimmung,§˛317,hgb,euabschlussprüferverordnung,nr,537˛˛2014,folgenden,—euaprvoﬁ,beachtung,institut,wirtschaftsprüfer,idw,festgestellten,deutschen,grundsätze,ordnungsmäßiger,abschlussprüfung,durchgeführt,prüfung,konzernabschlusses,ergänzender,beachtung,international,standard,on,auditing,isa,durchgeführt,verantwortung,vorschriften,grundsätzen,standard,abschnitt,—verantwortung,abschlussprüfers,prüfung,konzernabschlusses,konzernlageberichtsﬁ,bestätigungsvermerks,weitergehend,beschrieben,konzernunternehmen,unabhängig,übereinstimmung,europarechtlichen,sowie,deutschen,handelsrechtlichen,berufs,rechtlichen,vorschriften,sonstigen,deutschen,berufspten,übereinstimmung,anforderungen,erfüllt,darüber,hinaus,erklären,gemäß,artikel,10,ab,2,buchst˛f,euaprvo,verbotenen,nichtprüfungsleistungen,artikel,5,ab,1,euaprvo,erbracht,au˜assung,erlangten,prüfungsnachweise,ausreichend,geeignet,grundlage,prüfungsurteile,konzernabschluss,konzern,lagebericht,dienen,nachfolgend,wiedergegebene,bestätigungsvermerk,umfasst,—vermerk,prüfung,zwecke,o˜enlegung,erstellten,elektronischen,wiedergaben,abschlusses,lageberichts,§˛317,ab,3b,hgbﬁ,—esefvermerkﬁ,esefvermerk,zugrunde,liegende,prüfungsgegenstand,prüfende,esefunterlagen,beigefügt,geprüften,esefunterlagen,bundesanzeiger,eingesehen,bzw,abgerufen,1an,investoren,2lagebericht,3versicherung,gesetzlichen,vertreter,5weitere,informationen,2334konzernabschluss,bestätigungsvermerk,unabhängigen,abschlussprüfers,besonders,wichtige,prüfungssachverhalte,prüfung,konzernabschlusses,besonders,wichtige,prüfungssachverhalte,sachverhalte,ptgemäßen,ermessen,bedeutsamsten,unserer,prüfung,konzernabschlusses,geschäftsjahr,1,januar,31,dezember,2020,sachverhalte,wurden,zusammenhang,unserer,prüfung,konzernabschlusses,ganzem,bildung,prüfungsurteils,hierzu,berücksichtigt,geben,gesondertes,prüfungsurteil,sachverhalten,ab,unserer,sicht,folgende,sachverhalte,bedeutsamsten,unserer,prüfung,werthaltigkeit,geschäfts,firmenwerte,änderungen,segmentberichterstattung,wertberichtigungen,sachanlagen,darstellung,besonders,wichtigen,prüfungssach,verhalte,jeweils,folgt,strukturiert,sachverhalt,problemstellung,prüferisches,vorgehen,erkenntnisse,verweis,weitergehende,informationen,nachfolgend,stellen,besonders,wichtigen,prüfungs,sach,verhalte,dar,werthaltigkeit,geschäfts,firmenwerte,konzernabschluss,rwe,aktiengesellschaft,bilanzposten,—immaterielle,vermögenswerteﬁ,geschäfts,firmenwerte,höhe,•,26,mrd,42˛,konzernbilanz,summe,vorjahr,•,25,mrd,bzw,40˛,konzernbilanzsumme,ausgewiesen,geschäfts,firmenwerte,jährlich,anlassbezogen,werthaltigkeitstest,—impairment,testﬁ,unterzogen,möglichen,abschreibungsbedarf,ermitteln,rahmen,impairment,test,buchwert,jeweiligen,zahlungsmittelgenerierenden,einheiten,inklusive,geschäfts,firmenwerts,entsprechenden,erzielbaren,betrag,gegenüberge,stellt,ermittlung,erzielbaren,betrags,erfolgt,grundsätzlich,basis,beizulegenden,zeitwerts,abzüglich,kosten,veräußerung,impairment,test,erfolgen,ebene,derjenigen,zahlungsmittelgenerierenden,einheiten,bzw,gruppen,zahlungsmittelgenerierender,einheiten,denen,jeweilige,geschäfts,firmenwert,zugeordnet,grundlage,zwecke,impairment,test,durchgeführten,bewertungen,ermittlung,beizulegenden,zeitwerts,abzüglich,kosten,veräußerung,dabei,barwerte,künftigen,zahlungsströme,gesetzlichen,vertretern,erstellten,aufsichtsrat,kenntnis,genommenen,planungsrechnungen,grundsätzlich,kommenden,drei,jahre,mittelfristplanung,ergeben,hierbei,erwartungen,zukünftige,marktentwicklung,länderspezi˚sche,annahmen,entwicklung,makroökonomischer,größen,berücksichtigt,barwerte,anwendung,discountedcash,modellen,ermittelt,diskontierung,erfolgt,mittels,durchschnittlichen,gewichteten,kapitalkosten,jeweiligen,zahlungsmittelgenerierenden,einheit,ergebnis,impairment,test,wurde,wertminderungsbedarf,festgestellt,ergebnis,bewertungen,hohem,maße,abhängig,davon,gesetzlichen,vertreter,künftigen,zahlungsmitt,zahlungsmittelgenerierenden,einheiten,einschätzen,sowie,jeweils,verwendeten,diskontierungszinssätzen,wachstumsraten,weiteren,annahmen,bewertung,daher,erheblichen,unsicherheiten,behaftet,hintergrund,aufgrund,zugrunde,liegenden,komplexität,bewertung,sachverhalt,rahmen,unserer,prüfung,besonderer,bedeutung,unserer,prüfung,methodische,vorgehen,durchführung,impairment,test,nachvollzogen,ermittlung,durchschnittlichen,gewichteten,kapitalkos,ten,beurteilt,zudem,beurteilt,bewertungen,zugrunde,liegenden,künftigen,zahlungsmittusammenhang,angesetzten,gewichteten,kapitalkosten,insgesamt,sachgerechte,grundlage,impairment,test,bilden,angemessenheit,berechnungen,verwendeten,künftigen,zahlungsmitt,abgleich,angaben,mittelfristplanung,konzerns,sowie,abstimmung,allgemeinen,branchenspezi˚schen,markterwartungen,beurteilt,dabei,sachgerechte,berücksichtigung,kosten,konzernfunktionen,jeweiligen,zahlungsmittel,generierenden,einheit,beurteilt,kenntnis,bereits,relativ,kleine,veränderungen,verwendeten,diskontierungszinssatzes,teilweise,wesentliche,auswirkungen,höhe,weise,ermittelten,beizulegenden,zeitwerts,abzüglich,kosten,veräußerung,bestimmung,verwendeten,diskontierungszinssatzes,herangezoge,nen,parameter,beurteilt,berechnungsschema,nachvollzogen,ferner,ergänzend,gesellschaft,durchgeführten,sensitivitätsanalysen,gewürdigt,mögliches,1an,investoren,2lagebericht,3versicherung,gesetzlichen,vertreter,5weitere,informationen,2344konzernabschluss,bestätigungsvermerk,unabhängigen,abschlussprüfers,wertminderungsrisiko,höherer,buchwert,vergleich,erzielbaren,betrag,möglich,gehaltenen,änderung,wesentlichen,annahme,bewertung,einschätzen,gesetzlichen,vertretern,angewandten,bewertungsparameter,annahmen,stimmen,insgesamt,erwartungen,überein,liegen,innerhalb,unserer,sicht,vertretbaren,bandbreiten,angaben,gesellschaft,geschäfts,firmenwerten,anhang,abschnitt,—erläuterungen,bilanzﬁ,unterpunkt,—10,immaterielle,vermögenswerteﬁ,enthalten,änderungen,segmentberichterstattung,gesetzlichen,vertreter,rwe,aktiengesellschaft,geschäftsjahr,2020,interne,steuerung,berichterstattung,verändert,separat,berichteten,aktivitäten,—fortgeführte,innogyaktivitätenﬁ,—übernommene,eonaktivitätenﬁ,wurden,aufgelöst,erzeugungsak,tivitäten,maßgabe,verwendeten,energieträgers,neu,aufgegliedert,fünf,segmente,1,o˜shore,wind,2,onshore,wind˛˛solar,3,wasser˛˛biomasse˛˛gas,4,energiehandel,5,kohle˛˛kernenergie,unterschieden,wobei,segmente,1,4,kerngeschäft,bilden,entsprechend,neuabgrenzung,ausgewiesenen,segmente,segmentberichter,stattung,konzerns,vorzunehmen,zuordnung,geschäfts,firmenwerte,zahlungsmittelgenerierende,einheiten,bzw,gruppen,zahlungsmittelgenerierenden,einheiten,anzupassen,ifrs,8,geforderten,—management,approachﬁ,abgrenzung,segmenten,zuordnung,geschäfts,firmenwerte,hohem,maße,ermes,sensentscheidungen,tre˜en,anpassungen,segmentberichterstattung,zuordnung,geschäfts,firmenwerte,zahlungsmittelgenerierende,einheiten,bzw,gruppen,zahlungsmittelgenerierenden,einheiten,rahmen,unserer,prüfung,daher,besonderer,bedeutung,unserer,prüfung,beurteilt,segmentberichterstattung,sinne,anforderungen,—management,approachﬁ,unternehmensinternen,berichts,steuerungsstrukturen,einklang,steht,dabei,insbesondere,interne,berichterstattung,vorstand,gewürdigt,einsicht,protokolle,vorstandsbesprechungen,davon,überzeugt,neue,segmentstruktur,internen,regelmäßigen,berichterstattung,entspricht,zudem,angewendete,methodik,reallokation,geschäfts,firmenwerte,nachvollzogen,entscheidungsebene,vorstands,allokation,ressourcen,hinterfragt,darüber,hinaus,darstellung,neuen,segmente,erforderlichen,anpassungen,konsolidierungsbuchungen,vergleichsangaben,nachvollzogen,unserer,sicht,wurden,neuabgrenzung,berichtsptigen,segmente,zuordnung,geschäfts,firmenwerte,zahlungsmittelgenerierende,einheiten,bzw,gruppen,zahlungsmittelgenerierenden,einheiten,nachvollziehbar,dokumentiert,insgesamt,sachgerecht,umgesetzt,segmentberichterstattung,rwekonzerns,anhang,abschnitt,—sonstige,angabenﬁ,unterpunkt,—29,segmentberichterstattungﬁ,enthalten,wertberichtigungen,sachanlagen,konzernabschluss,rwe,aktiengesellschaft,wurden,kraftwerksanlagen,veredelungsanlagen,bzw,tagebauanlagen,folgenden,—sachanlagenﬁ,genannt,segmenten,—kohle˛˛kern,energieﬁ,—wasser,biomasse,gasﬁ,höhe,•,16,mrd,bedingt,negative,langfristige,annahmen,absatzpreisen,mengen,außerplanmäßig,wertberichtigt,werthaltigkeit,sachanlagen,wurde,anhand,beizulegenden,zeitwerte,abzüglich,kosten,veräußerung,nutzungswerte,übersteigen,überprüft,beizulegenden,zeitwerte,jeweiligen,sachanlagen,gesellschaft,jeweils,barwerte,künftigen,zahlungsmittelströme,mittels,discountedcashmodellen,ermittelt,dabei,gesetzlichen,vertretern,erstellten,aufsichtsrat,kenntnis,genommenen,planungsrechnungen,kommen,drei,jahre,mittelfristplanung,zugrunde,gelegt,anhand,langfristiger,annahmen,hinsichtlich,strom,kohle,gas,co,2zerti˚katspreisen,sowie,geplanten,einsatzzeiten,fortgeschrieben,ergebnis,bewertungen,hohem,maße,abhängig,davon,gesetzlichen,vertreter,künftigen,zahlungsmittchätzen,sowie,verwendeten,diskontierungszins,sätzen,wachstumsraten,weiteren,annahmen,bewertungen,daher,wesentlichen,unsicherheiten,behaftet,soda,sachverhalt,rahmen,unserer,prüfung,besonderer,bedeutung,unserer,prüfung,methodische,vorgehen,überprüfung,werthaltigkeit,sachanlagevermögens,nachvollzogen,ermittlung,durchschnittlichen,gewichteten,kapitalkosten,beurteilt,zudem,beurteilt,bewertungen,zugrunde,liegenden,künftigen,zahlungsmittelzu,zusammenhang,angesetzten,gewichteten,kapitalkosten,insgesamt,sachgerechte,grundlage,überprüfung,werthaltigkeit,1an,investoren,2lagebericht,3versicherung,gesetzlichen,vertreter,5weitere,informationen,2354konzernabschluss,bestätigungsvermerk,unabhängigen,abschlussprüfers,bilden,angemessenheit,berechnungen,verwendeten,künftigen,zahlungsmittel,abgleich,angaben,mittelfristplanung,sowie,abstimmung,allgemeinen,branchenspezi˚schen,markterwartungen,hinsichtlich,strom,kohle,gas,co,2zerti˚katspreisen,sowie,geplanten,einsatzzeiten,beurteilt,ferner,basis,mittelfristplanung,bewertung,werthaltigkeit,sachanlagen,anhand,vorgelegten,nachweise,nachvollzogen,kenntnis,bereits,relativ,kleine,veränderungen,verwendeten,diskontierungszinssatzes,wesentliche,auswirkungen,höhe,weise,ermittelten,beizulegenden,zeitwerte,bestimmung,verwendeten,diskontierungszinssatzes,herangezogenen,parameter,beurteilt,berechnungsschema,nachvollzogen,gesetzlichen,vertretern,angewandten,bewertungsparameter,annahmen,stimmen,insgesamt,erwartungen,überein,liegen,innerhalb,unserer,sicht,vertretbaren,bandbreiten,angaben,gesellschaft,wertberichtigungen,sachanlagen,anhang,abschnitt,—erläuterungen,gewinn,verlustrechnungﬁ,unterpunkt,—5,abschreibungenﬁ,enthalten,sonstige,informationen,gesetzlichen,vertreter,sonstigen,informationen,verantwortlich,sonstigen,informatio,nen,umfassen,folgenden,inhaltlich,geprüften,bestandteile,konzernlageberichts,ł,abschnitt,27,konzernlageberichts,enthaltene,erklärung,unternehmensführung,§˛289f,hgb,§˛315d,hgb,ł,gesonderten,nicht˚nanziellen,konzernbericht,§˛315b,ab,3,hgb,sonstigen,informationen,umfassen,zudem,übrigen,teile,geschäftsberichts,œ,gehende,querverweise,externe,informationen,œ,ausnahme,geprüften,konzernabschlusses,geprüften,konzernlageberichts,sowie,bestätigungsvermerks,prüfungsurteile,konzernabschluss,konzernlagebericht,erstrecken,sonstigen,informationen,dementsprechend,geben,weder,prüfungsurteil,irgendeine,form,prüfungsschlussfolgerung,hierzu,ab,zusammenhang,unserer,prüfung,verantwortung,sonstigen,informationen,lesen,dabei,würdigen,sonstigen,informationen,ł,wesentliche,unstimmigkeiten,konzernabschluss,konzernlagebericht,prüfung,erlangten,kenntnissen,aufweisen,ł,anderweitig,wesentlich,falsch,dargestellt,erscheinen,fall,grundlage,durchgeführten,arbeiten,schluss,ziehen,wesentliche,falsche,darstellung,sonstigen,informationen,vorliegt,verptet,tatsache,berichten,zusammenhang,berichten,verantwortung,gesetzlichen,vertreter,aufsichtsrats,konzernabschluss,konzernlagebericht,gesetzlichen,vertreter,verantwortlich,aufstellung,konzernabschlusses,ifrs,eu,anzuwenden,ergänzend,§˛315e,ab,1,hgb,anzuwendenden,deutschen,gesetzlichen,vorschriften,wesentlichen,belangen,entspricht,dafür,konzernabschluss,beachtung,vorschriften,tatsächlichen,verhältnissen,entspre,chendes,bild,vermögens,finanz,ertragslage,konzerns,vermittelt,ferner,gesetzlichen,vertreter,verantwortlich,internen,kontrollen,notwendig,bestimmt,aufstellung,konzernabschlusses,ermöglichen,frei,wesentlichen,œ,beabsichtigten,unbeabsichtigten,œ,falschen,darstellungen,aufstellung,konzernabschlusses,gesetzlichen,vertreter,dafür,verantwortlich,fähigkeit,konzerns,fortführung,unternehmenstätigkeit,beurteilen,weiteren,verantwortung,sachverhalte,zusammenhang,fortführung,unternehmenstätigkeit,sofern,einschlägig,anzugeben,darüber,hinaus,dafür,verantwortlich,grundlage,rechnungslegungsgrundsatzes,fortführung,unternehmenstätigkeit,bilanzieren,sei,1an,investoren,2lagebericht,3versicherung,gesetzlichen,vertreter,5weitere,informationen,2364konzernabschluss,bestätigungsvermerk,unabhängigen,abschlussprüfers,besteht,absicht,konzern,liquidieren,einstellung,geschäftsbetriebs,besteht,realistische,alternative,außerdem,gesetzlichen,vertreter,verantwortlich,aufstellung,konzernlageberichts,insgesamt,zutre˜endes,bild,lage,konzerns,vermittelt,sowie,wesentlichen,belangen,konzernabschluss,einklang,steht,deutschen,gesetzlichen,vorschriften,entspricht,chancen,risiken,zukünftigen,entwicklung,zutre˜end,darstellt,ferner,gesetzlichen,vertreter,verantwortlich,vorkehrungen,maßnahmen,systeme,notwendig,erachtet,aufstellung,konzernlageberichts,übereinstimmung,anzuwendenden,deutschen,gesetzlichen,vorschriften,ermöglichen,ausreichende,geeignete,nachweise,aussagen,konzernlagebericht,erbringen,aufsichtsrat,verantwortlich,überwachung,rechnungslegungsprozesses,konzerns,aufstellung,konzernabschlusses,konzernlageberichts,verantwortung,abschlussprüfers,prüfung,konzernabschlusses,konzernlageberichts,zielsetzung,hinreichende,sicherheit,darüber,erlangen,konzernabschluss,ganzes,frei,wesentlichen,œ,beabsichtigten,unbeabsichtigten,œ,falschen,darstellungen,konzernlagebericht,insgesamt,zutre˜endes,bild,lage,konzerns,vermittelt,sowie,wesentlichen,belangen,konzernabschluss,sowie,prüfung,gewonnenen,erkenntnissen,einklang,steht,deutschen,gesetzlichen,vorschriften,entspricht,chancen,risiken,zukünftigen,entwicklung,zutre˜end,darstellt,sowie,bestätigungsvermerk,erteilen,prüfungsurteile,konzernabschluss,konzernlagebericht,beinhaltet,hinreichende,sicherheit,hohes,maß,sicherheit,garantie,dafür,übereinstimmung,§˛317,hgb,euaprvo,beachtung,institut,wirtschafts,prüfer,idw,festgestellten,deutschen,grundsätze,ordnungsmäßiger,abschlussprüfung,sowie,ergänzender,beachtung,isa,durchgeführte,prüfung,wesentliche,falsche,darstellung,stets,aufdeckt,falsche,darstellungen,verstößen,unrichtigkeiten,resultieren,wesentlich,angesehen,vernünftigerweise,erwartet,einzeln,insgesamt,grundlage,konzernabschlusses,konzernlageberichts,getro˜enen,wirtschaftlichen,entscheidungen,adressaten,beeinn,prüfung,üben,ptgemäßes,ermessen,bewahren,kritische,grundhal,tung,darüber,hinaus,ł,identi˚zieren,beurteilen,risiken,wesentlicher,œ,beabsichtigter,unbeabsichtigter,œ,falscher,darstellungen,konzernabschluss,konzernlagebericht,planen,führen,prüfungs,handlungen,reaktion,risiken,sowie,erlangen,prüfungsnachweise,ausreichend,geeignet,grundlage,prüfungsurteile,dienen,risiko,wesent,liche,falsche,darstellungen,aufgedeckt,verstößen,höher,unrichtigkeiten,verstöße,betrügerisches,zusammenwirken,fälschungen,beabsichtigte,unvollständigkeiten,irreführende,darstellungen,bzw,außerkraftsetzen,interner,kontrollen,beinhalten,ł,gewinnen,verständnis,prüfung,konzernabschlusses,relevanten,internen,kontrollsystem,prüfung,konzernlageberichts,relevanten,vorkehrungen,maßnahmen,prüfungshandlungen,planen,gegebenen,umständen,angemessen,jedoch,ziel,prüfungsurteil,wirksamkeit,systeme,abzugeben,ł,beurteilen,angemessenheit,gesetzlichen,vertretern,angewandten,rechnungs,legungsmethoden,sowie,vertretbarkeit,gesetzlichen,vertretern,dargestellten,geschätzten,werte,zusammenhängenden,angaben,ł,ziehen,schlussfolgerungen,angemessenheit,gesetzlichen,vertretern,angewandten,rechnungslegungsgrundsatzes,fortführung,unternehmenstätigkeit,sowie,grundlage,erlangten,prüfungsnachweise,wesentliche,unsicherheit,zusammen,hang,ereignissen,gegebenheiten,besteht,bedeutsame,zweifel,fähigkeit,konzerns,fortführung,unternehmenstätigkeit,aufwerfen,fall,schluss,kommen,wesentliche,unsicherheit,besteht,verphtet,bestätigungsvermerk,dazugehörigen,angaben,konzernabschluss,konzernlagebericht,aufmerksam,fall,angaben,unangemessen,jeweiliges,prüfungsurteil,modi˚zie,ren,ziehen,schlussfolgerungen,grundlage,datum,bestäti,gungsvermerks,erlangten,prüfungsnachweise,zukünftige,ereignisse,gegebenheiten,jedoch,führen,konzern,unternehmenstätigkeit,mehr,fortführen,1an,investoren,2lagebericht,3versicherung,gesetzlichen,vertreter,5weitere,informationen,2374konzernabschluss,bestätigungsvermerk,unabhängigen,abschlussprüfers,ł,beurteilen,gesamtdarstellung,aufbau,inhalt,konzernabschlusses,einschließ,lich,angaben,sowie,konzernabschluss,zugrunde,liegenden,geschäftsvorfälle,ereig,nisse,darstellt,konzernabschluss,beachtung,ifrs,eu,anzuwenden,ergänzend,§˛315e,ab,1,hgb,anzuwendenden,deutschen,gesetzlichen,vorschrif,ten,tatsächlichen,verhältnissen,entsprechendes,bild,vermögens,finanz,ertrags,lage,konzerns,vermittelt,ł,holen,ausreichende,geeignete,prüfungsnachweise,rechnungslegungsinformationen,unternehmen,geschäftstätigkeiten,innerhalb,konzerns,prüfungsurteile,konzernabschluss,konzernlagebericht,abzugeben,verantwortlich,anleitung,überwachung,durchführung,konzernabschlussprüfung,tragen,alleinige,verantwor,tung,prüfungsurteile,ł,beurteilen,einklang,konzernlageberichts,konzernabschluss,gesetzes,entsprechung,vermittelte,bild,lage,konzerns,ł,führen,prüfungshandlungen,gesetzlichen,vertretern,dargestellten,zukunftsorien,tierten,angaben,konzernlagebericht,basis,ausreichender,geeigneter,prüfungsnach,weise,vollziehen,dabei,insbesondere,zukunftsorientierten,angaben,gesetzlichen,vertretern,zugrunde,gelegten,bedeutsamen,annahmen,beurteilen,sachgerechte,ableitung,zukunftsorientierten,angaben,annahmen,eigenständiges,prüfungsurteil,zukunftsorientierten,angaben,sowie,zugrunde,liegenden,annahmen,geben,ab,besteht,erhebliches,unvermeidbares,risiko,künftige,ereignisse,wesentlich,zukunftsorientierten,angaben,abweichen,erörtern,überwachung,verantwortlichen,geplanten,umfang,zeitplanung,prüfung,sowie,bedeutsame,prüfungsfeststellungen,einschließlich,etwaiger,mängel,internen,kontrollsystem,unserer,prüfung,feststellen,geben,gegenüber,überwachung,verantwortlichen,erklärung,ab,relevanten,unabhängigkeitsanforderungen,eingehalten,erörtern,beziehungen,sonstigen,sachverhalte,denen,vernünftigerweise,angenommen,unabhängigkeit,auswirken,hierzu,getro˜enen,schutzmaßnahmen,bestimmen,sachverhalten,überwachung,verantwortlichen,erörtert,diejenigen,sachverhalte,prüfung,konzernabschlusses,aktuellen,berichts,zeitraum,bedeutsamsten,daher,besonders,wichtigen,prüfungssachverhalte,beschreiben,sachverhalte,bestätigungsvermerk,sei,gesetze,rechtsvor,schriften,schließen,ö˜entliche,angabe,sachverhalts,sonstige,gesetzliche,rechtliche,anforderungen,vermerk,prüfung,zwecke,o˝enlegung,erstellten,elektronischen,wiedergaben,konzernabschlusses,konzernlageberichts,§˜317,ab,3b,hgb,prüfungsurteil,gemäß,§˛317,ab,3b,hgb,prüfung,hinreichender,sicherheit,durchgeführt,beigefügten,datei,rweagkaklbesef20201231zip,enthaltenen,zwecke,o˜enlegung,erstellten,wiedergaben,konzernabschlusses,konzernlageberichts,folgenden,—esefunterlagenﬁ,bezeichnet,vorgaben,§˛328,ab,1,hgb,elektronische,berichtsformat,—esefformatﬁ,wesentlichen,belangen,entsprechen,einklang,deutschen,gesetzlichen,vorschriften,erstreckt,prüfung,überführung,informationen,konzernabschlusses,konzernlageberichts,esefformat,daher,weder,wiedergaben,enthaltenen,oben,genannten,datei,enthaltene,informationen,unserer,beurteilung,entsprechen,oben,genannten,beigefügten,datei,enthaltenen,zwecke,o˜enlegung,erstellten,wiedergaben,konzernabschlusses,konzernlage,berichts,wesentlichen,belangen,vorgaben,§˛328,ab,1,hgb,elektronische,berichtsformat,prüfungsurteil,sowie,voranstehenden,—vermerk,prüfung,konzernabschlusses,konzernlageberichtsﬁ,enthaltenen,prüfungsurteile,beigefügten,konzernabschluss,beigefügten,konzernlagebericht,geschäftsjahr,1,januar,31,dezember,2020,hinaus,geben,keinerlei,prüfungsurteil,wiedergaben,enthaltenen,informationen,sowie,oben,genannten,datei,enthaltenen,informa,tionen,ab,1an,investoren,2lagebericht,3versicherung,gesetzlichen,vertreter,5weitere,informationen,2384konzernabschluss,bestätigungsvermerk,unabhängigen,abschlussprüfers,grundlage,prüfungsurteil,prüfung,oben,genannten,beigefügten,datei,enthaltenen,wiedergaben,konzernabschlusses,konzernlageberichts,übereinstimmung,§˛317,ab,3b,hgb,beachtung,entwurfs,idw,prüfungsstandards,prüfung,zwecke,o˜enlegung,erstellten,elektronischen,wiedergaben,abschlüssen,lageberichten,§˛317,ab,3b,hgb,idw,eps,410,international,standard,on,assurance,engagement,3000,revised,durchgeführt,verantwortung,danach,abschnitt,—verantwortung,konzernabschlussprüfers,prüfung,esefunterlagenﬁ,weitergehend,beschrieben,wirtschaftsprüferpraxis,anforderun,gen,qualitätssicherungssystem,idw,qualitätssicherungsstandards,anforderungen,qualitätssicherung,wirtschaftsprüferpraxis,idw,q,1,angewendet,verantwortung,gesetzlichen,vertreter,aufsichtsrats,esefunterlagen,gesetzlichen,vertreter,gesellschaft,verantwortlich,erstellung,esefunterlagen,elektronischen,wiedergaben,konzernabschlusses,konzernlageberichts,maßgabe,§˛328,ab,1,satz,4,nr,1,hgb,auszeichnung,konzernabschlusses,maßgabe,§˛328,ab,1,satz,4,nr,2,hgb,ferner,gesetzlichen,vertreter,gesellschaft,verantwortlich,internen,kontrollen,notwendig,erachten,erstellung,esefunterlagen,ermöglichen,frei,wesent,lichen,œ,beabsichtigten,unbeabsichtigten,œ,verstößen,vorgaben,§˛328,ab,1,hgb,elektronische,berichtsformat,gesetzlichen,vertreter,gesellschaft,zudem,verantwortlich,einreichung,esef,unterlagen,zusammen,bestätigungsvermerk,beigefügten,geprüften,konzernabschluss,geprüften,konzernlagebericht,sowie,weiteren,o˜enzulegenden,unterlagen,beim,betreiber,bundesanzeigers,aufsichtsrat,verantwortlich,überwachung,erstellung,esefunterlagen,teil,rechnungslegungsprozesses,verantwortung,konzernabschlussprüfers,prüfung,esefunterlagen,zielsetzung,hinreichende,sicherheit,darüber,erlangen,esefunterlagen,frei,wesentlichen,œ,beabsichtigten,unbeabsichtigten,œ,verstößen,anforderungen,§˛328,ab,1,hgb,prüfung,üben,ptgemäßes,ermessen,bewahren,kritische,grundhaltung,darüber,hinaus,ł,identi˚zieren,beurteilen,risiken,wesentlicher,œ,beabsichtigter,unbeabsichtigter,œ,verstöße,anforderungen,§˛328,ab,1,hgb,planen,führen,prüfungshandlungen,reaktion,risiken,sowie,erlangen,prüfungsnachweise,ausreichend,geeignet,grundlage,prüfungsurteil,dienen,ł,gewinnen,verständnis,prüfung,esefunterlagen,relevanten,internen,kontrollen,prüfungshandlungen,planen,gegebenen,umständen,angemessen,jedoch,ziel,prüfungsurteil,wirksamkeit,kontrollen,abzugeben,ł,beurteilen,technische,gültigkeit,esefunterlagen,d˛h,esefunterlagen,enthaltende,datei,vorgaben,delegierten,verordnung,eu,2019˛˛815,abschluss,stichtag,geltenden,fassung,technische,spezi˚kation,datei,erfüllt,ł,beurteilen,esefunterlagen,inhaltsgleiche,xhtmlwiedergabe,geprüften,konzernabschlusses,geprüften,konzernlageberichts,ermöglichen,ł,beurteilen,auszeichnung,esefunterlagen,inline,xbrltechnologie,ixbrl,angemessene,vollständige,maschinenlesbare,xbrlkopie,xhtmlwiedergabe,ermöglicht,1an,investoren,2lagebericht,3versicherung,gesetzlichen,vertreter,5weitere,informationen,2394konzernabschluss,bestätigungsvermerk,unabhängigen,abschlussprüfers,übrige,angaben,gemäß,artikel,10,euaprvo,wurden,hauptversammlung,26,juni,2020,konzernabschlussprüfer,gewählt,wurden,8,juli,2020,aufsichtsrat,beauftragt,ununterbrochen,seit,geschäftsjahr,2001,konzernabschlussprüfer,rwe,aktiengesellschaft,essen,tätig,erklären,bestätigungsvermerk,enthaltenen,prüfungsurteile,zusätzlichen,bericht,prüfungsausschuss,artikel,11,euaprvo,prüfungsbericht,einklang,stehen,verantwortlicher,wirtschaftsprüfer,prüfung,verantwortliche,wirtschaftsprüfer,ralph,welter,essen,5,märz,2021,pricewaterhousecoopers,gmbh,wirtschaftsprüfungsgesellschaft,markus,dittmann,ralph,welter,wirtschaftsprüfer,wirtschaftsprüfer,1an,investoren,2lagebericht,3versicherung,gesetzlichen,vertreter,5weitere,informationen,2404konzernabschluss,bestätigungsvermerk,unabhängigen,abschlussprüfers,410,informationen,abschlussprüfer,konzernabschluss,rwe,ag,tochtergesellschaften,geschäftsjahr,2020,œ,bestehend,konzernbilanz,konzerngewinn,verlustrechnung,sowie,konzern,gesamt,ergebnis,rechnung,konzerneigenkapitalveränderungsrechnung,konzern,kapital,flu,rechnung,konzern,anhang,œ,wurde,pricewaterhouse,cooper,gmbh,wirtschaftsprüfungsgesellschaft,geprüft,verantwortlicher,wirtschaftsprüfer,pricewaterhouse,cooper,gmbh,wirtschaftsprüfungs,gesellschaft,rwe,letztmals,ralph,welter,funktion,sieben,abschlussprüfungen,wahrgenommen,1an,investoren,2lagebericht,3versicherung,gesetzlichen,vertreter,5weitere,informationen,2414konzernabschluss,informationen,abschlussprüfer,51,fünfjahresübersicht,24352,impressum,24453,finanzkalender,245weitere,informationen,05rekultivierungsgebiet,erftstadt,51,fünfjahresübersicht,1,vergleichbarkeit,zahlen,unterschiedlicher,geschäftsjahre,teil,anpassungen,berichtsweise,beeinträchtigt,2,umgerechnet,vollzeitstellen,fünfjahresübersicht,rwekonzerns,120202019201820172016außenumsatz,erdgas˛˛stromsteuer,mio,•,1368813125134061382243590bereinigtes,ebitda,mio,•,32352489153821495403bereinigtes,ebit,mio,•,1771126761911703082ergebnis,steuern,mio,•,1196œ˛752492056œ˛5807nettoergebnis˛˛ergebnisanteile,aktionäre,rwe,ag,mio,•,99584983351900œ˛5710ergebnis,je,aktie,•,1561382054309œ˛929cash,flow,laufender,geschäftstätigkeit,fortgeführter,aktivitäten,mio,•,4125œ˛9774611œ˛37712352free,cash,flow,mio,•,1132œ˛20533439œ˛4439809langfristiges,vermögen,mio,•,3446135768185954569445911kurzfristiges,vermögen,mio,•,2720728241615132336530491bilanzielles,eigenkapital,mio,•,179711746714257119917990langfristige,schulden,mio,•,2728026937200073677439646kurzfristige,schulden,mio,•,1641719605458442029428766bilanzsumme,mio,•,6166864009801086905976402eigenkapitalquote,291273178174105nettoschulden,mio,•,44327159193392022722709mitarbeiter,jahresende,21949819792177485954758652co,2ausstoß,mio,tonnen,6898811180131814831an,investoren,2lagebericht,3versicherung,gesetzlichen,vertreter,2435weitere,informationen,fünfjahresübersicht,4konzernabschluss,52,impressum,rwe,aktiengesellschaft,rwe,platz,145141,essentelefon,49,201,51790telefax,49,201,51795299email,contactrwecom,investor,relation,telefon,49,201,51793112telefax,49,201,5179420042internet,wwwrwecomir,email,investrwecom,konzernkommunikation,telefon,49,201,51795009,telefax,49,201,51795290satz,produktion,mpm,corporate,communication,solution,mainz,wwwmpmde,fotogra˙e,andré,laaks,essen,lektorat,textpertise,heike,virchow,hamburg,rwe,mitglied,dirk,œ,deutscher,investor,relation,verband,e˛v,geschäftsberichte,zwischenberichte,zwischenmitteilungen,sowie,weitere,informationen,rwe,˚nden,internet,wwwrwecom,geschäftsbericht,16,märz,2021,deutscher,englischer,sprache,verö˜entlicht,worden,konzernabschluss,konzernlagebericht,erscheinen,bundesanzeiger,verö˜entlichten,fassungen,allein,maßgeblich,zukunftsbezogene,aussagen,vorliegende,geschäftsbericht,enthält,aussagen,künftige,entwicklung,rwekonzerns,gesellschaften,sowie,wirtschaftlichen,politischen,rahmenbedingungen,beziehen,aussagen,stellen,einschätzungen,dar,basis,informationen,getro˜en,zeitpunkt,erstellung,dokuments,verfügung,standen,sollten,zugrunde,gelegten,annahmen,zutre˜en,unvorhergesehene,risiken,eintreten,tatsächlichen,erwarteten,entwicklungen,abweichen,aussagen,daher,gewähr,übernehmen,verweise,inhalte,internetseiten,publikationen,lagebericht,verweisen,teil,lageberichts,dienen,lediglich,weiteren,information,davon,ausgenommen,erklärung,unternehmensführung,§§,289,f,315d,hgb,1an,investoren,2lagebericht,3versicherung,gesetzlichen,vertreter,2445weitere,informationen,impressum,4konzernabschluss,weitere,informationen,finanzkalender,20212022die,virtuelle,hauptversammlung,veranstaltungen,veröffentlichung,finanzberichten,live,internet,übertragen,aufzeichnungen,mindestens,zwölf,monate,lang,abrufbar,28,april,2021,virtuelle,hauptversammlung,29,april,2021,exdividendetag,03,mai,2021,dividendenzahlung,12,mai,2021,zwischenmitteilung,erste,quartal,2021,12,august,2021,zwischenbericht,erste,halbjahr,2021,11,november,2021,zwischenmitteilung,ersten,drei,quartale,2021,15,märz,2022,bericht,geschäftsjahr,2021,28,april,2022,hauptversammlung,29,april,2022,exdividendetag,03
